0 0 0.000381146
0 5.15522e-05 0.000382514
0 0.000103104 0.000383897
0 0.000154656 0.000385295
0 0.000206209 0.00038671
0 0.000257761 0.000388142
0 0.000309313 0.00038959
0 0.000360865 0.000391055
0 0.000412417 0.000392539
0 0.000463969 0.000394041
0 0.000515522 0.000395561
0 0.000567074 0.000397101
0 0.000618626 0.00039866
0 0.000670178 0.00040024
0 0.00072173 0.00040184
0 0.000773282 0.000403462
0 0.000824835 0.000405106
0 0.000876387 0.000406773
0 0.000927939 0.000408463
0 0.000979491 0.000410177
0 0.00103104 0.000411916
0 0.0010826 0.00041368
0 0.00113415 0.00041547
0 0.0011857 0.000417287
0 0.00123725 0.000419132
0 0.0012888 0.000421006
0 0.00134036 0.000422909
0 0.00139191 0.000424843
0 0.00144346 0.000426808
0 0.00149501 0.000428806
0 0.00154656 0.000430838
0 0.00159812 0.000432904
0 0.00164967 0.000435007
0 0.00170122 0.000437146
0 0.00175277 0.000439324
0 0.00180433 0.000441542
0 0.00185588 0.000443801
0 0.00190743 0.000446103
0 0.00195898 0.000448449
0 0.00201053 0.000450842
0 0.00206209 0.000453282
0 0.00211364 0.000455772
0 0.00216519 0.000458313
0 0.00221674 0.000460908
0 0.0022683 0.000463559
0 0.00231985 0.000466267
0 0.0023714 0.000469036
0 0.00242295 0.000471868
0 0.0024745 0.000474766
0 0.00252606 0.000477732
0 0.00257761 0.000480769
0 0.00262916 0.00048388
0 0.00268071 0.00048707
0 0.00273226 0.000490341
0 0.00278382 0.000493697
0 0.00283537 0.000497142
0 0.00288692 0.00050068
0 0.00293847 0.000504317
0 0.00299003 0.000508056
0 0.00304158 0.000511903
0 0.00309313 0.000515863
0 0.00314468 0.000519942
0 0.00319623 0.000524146
0 0.00324779 0.000528483
0 0.00329934 0.000532959
0 0.00335089 0.000537581
0 0.00340244 0.000542358
0 0.00345399 0.0005473
0 0.00350555 0.000552414
0 0.0035571 0.000557712
0 0.00360865 0.000563205
0 0.0036602 0.000568903
0 0.00371176 0.000574821
0 0.00376331 0.000580972
0 0.00381486 0.000587371
0 0.00386641 0.000594034
0 0.00391796 0.000600979
0 0.00396952 0.000608225
0 0.00402107 0.000615794
0 0.00407262 0.000623707
0 0.00412417 0.000631991
0 0.00417573 0.000640671
0 0.00422728 0.000649779
0 0.00427883 0.000659347
0 0.00433038 0.000669411
0 0.00438193 0.000680011
0 0.00443349 0.000691192
0 0.00448504 0.000703001
0 0.00453659 0.000715492
0 0.00458814 0.000728726
0 0.00463969 0.000742769
0 0.00469125 0.000757695
0 0.0047428 0.000773587
0 0.00479435 0.000790538
0 0.0048459 0.000808651
0 0.00489746 0.000828043
0 0.00494901 0.000848846
0 0.00500056 0.000871207
0 0.00505211 0.000895294
0 0.00510366 0.000921296
0 0.00515522 0.000949427
0 0.00520677 0.000979928
0 0.00525832 0.00101308
0 0.00530987 0.00104918
0 0.00536142 0.00108859
0 0.00541298 0.0011317
0 0.00546453 0.00117896
0 0.00551608 0.00123085
0 0.00556763 0.00128791
0 0.00561919 0.00135073
0 0.00567074 0.00141991
0 0.00572229 0.00149608
0 0.00577384 0.00157983
0 0.00582539 0.00167167
0 0.00587695 0.00177195
0 0.0059285 0.00188076
0 0.00598005 0.00199786
0 0.0060316 0.00212252
0 0.00608315 0.00225349
0 0.00613471 0.00238896
0 0.00618626 0.00252663
0 0.00623781 0.00266387
0 0.00628936 0.00279796
0 0.00634092 0.00292633
0 0.00639247 0.00304677
0 0.00644402 0.00315762
0 0.00649557 0.0032578
0 0.00654712 0.00334679
0 0.00659868 0.00342454
0 0.00665023 0.00349135
0 0.00670178 0.00354779
0 0.00675333 0.00359453
0 0.00680489 0.00363234
0 0.00685644 0.00366197
0 0.00690799 0.00368418
0 0.00695954 0.00369965
0 0.00701109 0.00370903
0 0.00706265 0.00371289
0 0.0071142 0.00371175
0 0.00716575 0.00370607
0 0.0072173 0.00369625
0 0.00726885 0.00368266
0 0.00732041 0.00366563
0 0.00737196 0.00364542
0 0.00742351 0.00362228
0 0.00747506 0.00359644
0 0.00752662 0.00356808
0 0.00757817 0.00353739
0 0.00762972 0.00350449
0 0.00768127 0.00346954
0 0.00773282 0.00343263
0 0.00778438 0.00339388
0 0.00783593 0.00335338
0 0.00788748 0.00331121
0 0.00793903 0.00326743
0 0.00799058 0.00322211
0 0.00804214 0.0031753
0 0.00809369 0.00312706
0 0.00814524 0.00307741
0 0.00819679 0.00302641
0 0.00824835 0.00297408
0 0.0082999 0.00292046
0 0.00835145 0.00286559
0 0.008403 0.00280948
0 0.00845455 0.00275217
0 0.00850611 0.00269371
0 0.00855766 0.00263414
0 0.00860921 0.00257351
0 0.00866076 0.00251189
0 0.00871232 0.00244938
0 0.00876387 0.00238609
0 0.00881542 0.00232216
0 0.00886697 0.00225778
0 0.00891852 0.00219316
0 0.00897008 0.00212856
0 0.00902163 0.0020643
0 0.00907318 0.00200069
0 0.00912473 0.00193809
0 0.00917628 0.00187685
0 0.00922784 0.00181732
0 0.00927939 0.00175979
0 0.00933094 0.00170453
0 0.00938249 0.00165174
0 0.00943405 0.00160159
0 0.0094856 0.00155416
0 0.00953715 0.00150953
0 0.0095887 0.00146771
0 0.00964025 0.0014287
0 0.00969181 0.00139245
0 0.00974336 0.00135892
0 0.00979491 0.00132805
0 0.00984646 0.00129977
0 0.00989801 0.00127399
0 0.00994957 0.00125065
0 0.0100011 0.00122965
0 0.0100527 0.00121094
0 0.0101042 0.00119444
0 0.0101558 0.00118007
0 0.0102073 0.00116779
0 0.0102589 0.00115753
0 0.0103104 0.00114925
0 0.010362 0.00114291
0 0.0104135 0.00113849
0 0.0104651 0.00113597
0 0.0105166 0.00113534
0 0.0105682 0.00113661
0 0.0106197 0.00113979
0 0.0106713 0.00114492
0 0.0107228 0.00115205
0 0.0107744 0.00116124
0 0.010826 0.00117255
0 0.0108775 0.00118608
0 0.0109291 0.00120193
0 0.0109806 0.00122022
0 0.0110322 0.00124109
0 0.0110837 0.00126468
0 0.0111353 0.00129115
0 0.0111868 0.00132069
0 0.0112384 0.00135346
0 0.0112899 0.00138967
0 0.0113415 0.0014295
0 0.011393 0.00147315
0 0.0114446 0.00152079
0 0.0114961 0.00157258
0 0.0115477 0.00162866
0 0.0115992 0.00168911
0 0.0116508 0.00175393
0 0.0117023 0.00182306
0 0.0117539 0.00189627
0 0.0118054 0.00197319
0 0.011857 0.00205324
0 0.0119085 0.00213557
0 0.0119601 0.00221905
0 0.0120117 0.00230224
0 0.0120632 0.00238338
0 0.0121148 0.00246048
0 0.0121663 0.00253139
0 0.0122179 0.00259401
0 0.0122694 0.00264647
0 0.012321 0.00268737
0 0.0123725 0.0027159
0 0.0124241 0.00273194
0 0.0124756 0.00273599
0 0.0125272 0.00272908
0 0.0125787 0.00271258
0 0.0126303 0.00268806
0 0.0126818 0.0026571
0 0.0127334 0.00262122
0 0.0127849 0.00258177
0 0.0128365 0.0025399
0 0.012888 0.00249656
0 0.0129396 0.00245254
0 0.0129911 0.00240842
0 0.0130427 0.00236465
0 0.0130942 0.00232159
0 0.0131458 0.00227946
0 0.0131974 0.00223844
0 0.0132489 0.00219865
0 0.0133005 0.00216015
0 0.013352 0.00212298
0 0.0134036 0.00208716
0 0.0134551 0.00205269
0 0.0135067 0.00201955
0 0.0135582 0.00198772
0 0.0136098 0.00195716
0 0.0136613 0.00192783
0 0.0137129 0.00189972
0 0.0137644 0.00187276
0 0.013816 0.00184693
0 0.0138675 0.00182219
0 0.0139191 0.0017985
0 0.0139706 0.00177582
0 0.0140222 0.00175412
0 0.0140737 0.00173337
0 0.0141253 0.00171352
0 0.0141768 0.00169455
0 0.0142284 0.00167643
0 0.0142799 0.00165913
0 0.0143315 0.00164262
0 0.0143831 0.00162689
0 0.0144346 0.00161189
0 0.0144862 0.00159762
0 0.0145377 0.00158405
0 0.0145893 0.00157116
0 0.0146408 0.00155893
0 0.0146924 0.00154734
0 0.0147439 0.00153637
0 0.0147955 0.00152602
0 0.014847 0.00151626
0 0.0148986 0.00150708
0 0.0149501 0.00149847
0 0.0150017 0.00149041
0 0.0150532 0.00148289
0 0.0151048 0.0014759
0 0.0151563 0.00146944
0 0.0152079 0.00146349
0 0.0152594 0.00145804
0 0.015311 0.00145308
0 0.0153625 0.00144862
0 0.0154141 0.00144463
0 0.0154656 0.00144112
0 0.0155172 0.00143808
0 0.0155688 0.0014355
0 0.0156203 0.00143338
0 0.0156719 0.00143172
0 0.0157234 0.0014305
0 0.015775 0.00142974
0 0.0158265 0.00142943
0 0.0158781 0.00142956
0 0.0159296 0.00143013
0 0.0159812 0.00143115
0 0.0160327 0.00143261
0 0.0160843 0.00143451
0 0.0161358 0.00143686
0 0.0161874 0.00143966
0 0.0162389 0.0014429
0 0.0162905 0.0014466
0 0.016342 0.00145075
0 0.0163936 0.00145536
0 0.0164451 0.00146044
0 0.0164967 0.00146598
0 0.0165482 0.001472
0 0.0165998 0.00147851
0 0.0166513 0.00148551
0 0.0167029 0.001493
0 0.0167545 0.00150101
0 0.016806 0.00150953
0 0.0168576 0.00151859
0 0.0169091 0.00152819
0 0.0169607 0.00153835
0 0.0170122 0.00154908
0 0.0170638 0.0015604
0 0.0171153 0.00157232
0 0.0171669 0.00158487
0 0.0172184 0.00159806
0 0.01727 0.00161192
0 0.0173215 0.00162646
0 0.0173731 0.00164173
0 0.0174246 0.00165773
0 0.0174762 0.00167451
0 0.0175277 0.00169209
0 0.0175793 0.0017105
0 0.0176308 0.0017298
0 0.0176824 0.00175
0 0.0177339 0.00177117
0 0.0177855 0.00179334
0 0.017837 0.00181656
0 0.0178886 0.0018409
0 0.0179402 0.0018664
0 0.0179917 0.00189314
0 0.0180433 0.00192117
0 0.0180948 0.00195059
0 0.0181464 0.00198146
0 0.0181979 0.00201388
0 0.0182495 0.00204795
0 0.018301 0.00208376
0 0.0183526 0.00212144
0 0.0184041 0.00216111
0 0.0184557 0.00220291
0 0.0185072 0.00224698
0 0.0185588 0.0022935
0 0.0186103 0.00234265
0 0.0186619 0.00239463
0 0.0187134 0.00244965
0 0.018765 0.00250796
0 0.0188165 0.00256984
0 0.0188681 0.00263558
0 0.0189196 0.00270551
0 0.0189712 0.00278
0 0.0190227 0.00285947
0 0.0190743 0.00294437
0 0.0191259 0.00303523
0 0.0191774 0.00313261
0 0.019229 0.00323717
0 0.0192805 0.00334964
0 0.0193321 0.00347084
0 0.0193836 0.0036017
0 0.0194352 0.00374328
0 0.0194867 0.00389676
0 0.0195383 0.00406349
0 0.0195898 0.004245
0 0.0196414 0.00444303
0 0.0196929 0.00465954
0 0.0197445 0.00489675
0 0.019796 0.00515714
0 0.0198476 0.0054435
0 0.0198991 0.00575892
0 0.0199507 0.00610676
0 0.0200022 0.00649063
0 0.0200538 0.00691428
0 0.0201053 0.00738143
0 0.0201569 0.00789551
0 0.0202084 0.00845923
0 0.02026 0.00907414
0 0.0203116 0.00973986
0 0.0203631 0.0104535
0 0.0204147 0.0112088
0 0.0204662 0.0119961
0 0.0205178 0.0128023
0 0.0205693 0.0136114
0 0.0206209 0.0144062
0 0.0206724 0.0151701
0 0.020724 0.0158882
0 0.0207755 0.0165488
0 0.0208271 0.0171441
0 0.0208786 0.0176697
0 0.0209302 0.0181245
0 0.0209817 0.0185097
0 0.0210333 0.018828
0 0.0210848 0.0190834
0 0.0211364 0.0192801
0 0.0211879 0.0194226
0 0.0212395 0.0195152
0 0.021291 0.019562
0 0.0213426 0.0195667
0 0.0213941 0.0195326
0 0.0214457 0.0194628
0 0.0214973 0.0193598
0 0.0215488 0.0192261
0 0.0216004 0.0190636
0 0.0216519 0.0188741
0 0.0217035 0.0186591
0 0.021755 0.0184201
0 0.0218066 0.0181581
0 0.0218581 0.0178744
0 0.0219097 0.0175698
0 0.0219612 0.0172453
0 0.0220128 0.0169018
0 0.0220643 0.0165404
0 0.0221159 0.016162
0 0.0221674 0.0157678
0 0.022219 0.0153591
0 0.0222705 0.0149376
0 0.0223221 0.0145049
0 0.0223736 0.0140632
0 0.0224252 0.0136148
0 0.0224767 0.0131622
0 0.0225283 0.0127082
0 0.0225798 0.0122554
0 0.0226314 0.0118065
0 0.022683 0.011364
0 0.0227345 0.0109303
0 0.0227861 0.0105072
0 0.0228376 0.0100966
0 0.0228892 0.00969959
0 0.0229407 0.00931732
0 0.0229923 0.00895045
0 0.0230438 0.00859944
0 0.0230954 0.00826452
0 0.0231469 0.00794574
0 0.0231985 0.00764304
0 0.02325 0.00735623
0 0.0233016 0.00708504
0 0.0233531 0.00682916
0 0.0234047 0.00658823
0 0.0234562 0.00636187
0 0.0235078 0.00614968
0 0.0235593 0.00595122
0 0.0236109 0.00576609
0 0.0236624 0.00559385
0 0.023714 0.00543405
0 0.0237655 0.00528627
0 0.0238171 0.00515006
0 0.0238687 0.00502498
0 0.0239202 0.00491057
0 0.0239718 0.00480638
0 0.0240233 0.00471197
0 0.0240749 0.00462688
0 0.0241264 0.00455067
0 0.024178 0.00448291
0 0.0242295 0.00442317
0 0.0242811 0.00437104
0 0.0243326 0.00432613
0 0.0243842 0.00428807
0 0.0244357 0.00425651
0 0.0244873 0.00423112
0 0.0245388 0.0042116
0 0.0245904 0.00419768
0 0.0246419 0.00418909
0 0.0246935 0.0041856
0 0.024745 0.00418702
0 0.0247966 0.00419317
0 0.0248481 0.0042039
0 0.0248997 0.00421908
0 0.0249512 0.00423863
0 0.0250028 0.00426247
0 0.0250544 0.00429057
0 0.0251059 0.0043229
0 0.0251575 0.00435948
0 0.025209 0.00440032
0 0.0252606 0.00444549
0 0.0253121 0.00449505
0 0.0253637 0.00454912
0 0.0254152 0.0046078
0 0.0254668 0.00467125
0 0.0255183 0.00473963
0 0.0255699 0.00481315
0 0.0256214 0.00489202
0 0.025673 0.0049765
0 0.0257245 0.00506688
