0 0.0183763 9.89411e-16
0 0.0271985 4.11236e-10
0.00592247 0.0183764 -2.01211e-16
0.00592247 0.0271984 1.03657e-18
0.0118449 0.0183765 3.53397e-17
0.0118449 0.027198 1.88142e-19
0.0177674 0.0183766 2.01979e-18
0.0177674 0.0271974 1.43168e-19
0.0236899 0.0183768 3.71458e-12
0.0236899 0.0271964 4.46574e-12
0.0296123 0.0183771 3.09685e-12
0.0296123 0.0271953 -3.12432e-13
0.0355348 0.0183775 1.1773e-09
0.0355348 0.0271939 3.8921e-10
0.0414573 0.0183779 -6.11149e-11
0.0414573 0.0271922 3.17649e-13
0.0473797 0.0183784 -2.02247e-09
0.0473797 0.0271903 7.11202e-10
0.0533022 0.018379 6.37976e-13
0.0533022 0.0271881 1.62314e-11
0.0592247 0.0183796 8.68125e-12
0.0592247 0.0271856 4.11225e-19
0.0651471 0.0183803 1.59679e-17
0.0651471 0.0271829 -3.55389e-19
0.0710696 0.018381 7.40033e-18
0.0710696 0.02718 4.38476e-21
0.0769921 0.0183819 3.63936e-10
0.0769921 0.0271768 -1.2806e-14
0.0829145 0.0183827 -3.36051e-09
0.0829145 0.0271733 2.40894e-09
0.088837 0.0183837 -3.69855e-18
0.088837 0.0271696 1.50289e-18
0.0947595 0.0183847 -1.90326e-11
0.0947595 0.0271657 5.04762e-13
0.100682 0.0183858 1.27782e-11
0.100682 0.0271614 -1.61276e-12
0.106604 0.0183869 -8.68089e-10
0.106604 0.027157 1.86689e-18
0.112527 0.0183881 9.43612e-19
0.112527 0.0271523 -1.73494e-21
0.118449 0.0183894 -9.74012e-10
0.118449 0.0271473 -5.23858e-11
0.124372 0.0183907 -7.52748e-11
0.124372 0.0271421 8.04003e-10
0.130294 0.0183921 1.52404e-09
0.130294 0.0271367 2.32933e-20
0.136217 0.0183936 -3.95346e-11
0.136217 0.027131 1.43511e-13
0.142139 0.0183951 -4.37451e-12
0.142139 0.027125 3.3009e-12
0.148062 0.0183967 -8.85782e-13
0.148062 0.0271188 -7.67594e-15
0.153984 0.0183984 -1.38847e-10
0.153984 0.0271124 -2.98369e-11
0.159907 0.0184001 -7.21184e-21
0.159907 0.0271057 9.32979e-19
0.165829 0.0184019 -3.41058e-17
0.165829 0.0270988 6.33986e-19
0.171752 0.0184038 4.22548e-18
0.171752 0.0270917 -8.28932e-19
0.177674 0.0184057 3.9855e-10
0.177674 0.0270843 -5.60179e-11
0.183596 0.0184078 -4.06045e-17
0.183596 0.0270767 -3.39411e-18
0.189519 0.0184097 -1.09301e-13
0.189519 0.0270689 7.76199e-13
0.195441 0.0184119 -8.6567e-11
0.195441 0.0270608 -1.15105e-13
0.201364 0.018414 -3.43903e-11
0.201364 0.0270525 1.61864e-12
0.207286 0.0184163 1.75746e-10
0.207286 0.027044 -6.9015e-14
0.213209 0.0184186 4.08346e-10
0.213209 0.0270352 1.53317e-14
0.219131 0.018421 -8.69495e-11
0.219131 0.0270262 8.38704e-14
0.225054 0.0184234 8.89762e-12
0.225054 0.027017 -2.22046e-14
0.230976 0.0184259 -2.82355e-10
0.230976 0.0270076 2.20222e-10
0.236899 0.0184285 2.69323e-12
0.236899 0.0269979 1.97984e-13
0.242821 0.0184311 1.00279e-12
0.242821 0.0269881 2.15685e-12
0.248744 0.0184338 5.45677e-12
0.248744 0.026978 -5.97204e-12
0.254666 0.0184366 -7.38795e-20
0.254666 0.0269677 1.04363e-19
0.260589 0.0184394 1.12435e-11
0.260589 0.0269572 -2.1075e-12
0.266511 0.0184423 1.4453e-12
0.266511 0.0269465 5.38237e-12
0.272433 0.0184453 -8.72489e-11
0.272433 0.0269356 1.21574e-12
0.278356 0.0184483 -1.05521e-22
0.278356 0.0269244 4.18922e-23
0.284278 0.0184514 -1.37703e-10
0.284278 0.0269131 7.69657e-11
0.290201 0.0184545 -6.01392e-10
0.290201 0.0269016 -3.25971e-10
0.296123 0.0184578 -1.23081e-17
0.296123 0.0268898 3.31065e-19
0.302046 0.018461 1.07724e-10
0.302046 0.0268779 -5.75337e-19
0.307968 0.0184644 -4.33425e-10
0.307968 0.0268658 -2.28803e-10
0.313891 0.0184678 -9.78496e-15
0.313891 0.0268534 -1.03056e-14
0.319813 0.0184713 -5.6576e-12
0.319813 0.0268409 3.03957e-11
0.325736 0.0184748 1.05199e-10
0.325736 0.0268282 5.04083e-12
0.331658 0.0184784 3.74281e-10
0.331658 0.0268153 -3.65477e-11
0.337581 0.018482 -1.45668e-12
0.337581 0.0268023 3.69425e-10
0.343503 0.0184858 5.29765e-09
0.343503 0.0267889 3.99937e-16
0.349426 0.0184896 -5.62104e-12
0.349426 0.0267755 4.31546e-12
0.355348 0.0184934 5.34336e-20
0.355348 0.0267619 6.06796e-20
0.36127 0.0184973 -4.55363e-10
0.36127 0.0267481 3.66398e-15
0.367193 0.0185013 -1.18474e-11
0.367193 0.0267341 -4.97433e-21
0.373115 0.0185053 1.96363e-12
0.373115 0.02672 -1.60445e-13
0.379038 0.0185094 3.04323e-14
0.379038 0.0267057 2.0247e-14
0.38496 0.0185136 -1.28738e-11
0.38496 0.0266912 1.52446e-13
0.390883 0.0185178 2.9462e-10
0.390883 0.0266765 8.32104e-11
0.396805 0.0185221 -1.80857e-08
0.396805 0.0266617 -1.2965e-11
0.402728 0.0185265 -1.43118e-09
0.402728 0.0266467 7.21644e-20
0.40865 0.0185309 2.36115e-19
0.40865 0.0266316 3.52034e-21
0.414573 0.0185354 3.89443e-19
0.414573 0.0266163 4.40852e-21
0.420495 0.0185399 6.17067e-19
0.420495 0.0266009 -1.37032e-19
0.426418 0.0185445 3.39342e-18
0.426418 0.0265853 1.98822e-20
0.43234 0.0185492 1.72372e-11
0.43234 0.0265695 -1.96379e-16
0.438263 0.0185539 3.11419e-10
0.438263 0.0265536 -3.19852e-10
0.444185 0.0185587 -8.35683e-21
0.444185 0.0265376 1.97055e-20
0.450107 0.0185635 -1.19951e-21
0.450107 0.0265214 -1.74334e-21
0.45603 0.0185684 1.55699e-13
0.45603 0.026505 2.33657e-11
0.461952 0.0185734 -1.86169e-10
0.461952 0.0264886 3.26549e-10
0.467875 0.0185784 -2.85195e-21
0.467875 0.0264719 3.13364e-21
0.473797 0.0185835 -8.72554e-12
0.473797 0.0264552 1.10125e-11
0.47972 0.0185887 2.40399e-11
0.47972 0.0264383 1.77601e-20
0.485642 0.0185939 -3.84217e-20
0.485642 0.0264213 -1.13617e-19
0.491565 0.0185992 1.67672e-13
0.491565 0.0264042 -2.4013e-15
0.497487 0.0186045 -5.27902e-12
0.497487 0.0263869 -6.43476e-10
0.50341 0.0186099 1.21862e-21
0.50341 0.0263695 -4.00897e-18
0.509332 0.0186154 6.14808e-20
0.509332 0.026352 5.44856e-19
0.515255 0.0186209 4.89371e-20
0.515255 0.0263344 -2.71817e-19
0.521177 0.0186265 2.05641e-12
0.521177 0.0263166 1.48536e-16
0.5271 0.0186321 1.18967e-20
0.5271 0.0262988 -9.40195e-20
0.533022 0.0186378 -5.71302e-10
0.533022 0.0262808 -3.41955e-11
0.538944 0.0186436 -2.63522e-19
0.538944 0.0262627 -1.77054e-20
0.544867 0.0186494 -2.27982e-12
0.544867 0.0262445 -1.71538e-19
0.550789 0.0186553 4.70184e-09
0.550789 0.0262262 -2.20683e-09
0.556712 0.0186613 -1.02372e-09
0.556712 0.0262078 1.70207e-10
0.562634 0.0186673 -1.05871e-09
0.562634 0.0261893 -5.05963e-11
0.568557 0.0186734 -3.82857e-10
0.568557 0.0261706 -1.24456e-10
0.574479 0.0186794 1.60322e-20
0.574479 0.0261519 -3.53037e-18
0.580402 0.0186856 -5.90281e-11
0.580402 0.0261331 4.65306e-10
0.586324 0.0186919 -2.09198e-13
0.586324 0.0261142 2.78287e-11
0.592247 0.0186981 -4.22247e-18
0.592247 0.0260952 -5.288e-19
0.598169 0.0187045 9.86899e-11
0.598169 0.0260761 1.38359e-12
0.604092 0.0187109 8.80465e-12
0.604092 0.0260569 -1.05547e-11
0.610014 0.0187174 8.43088e-11
0.610014 0.0260377 2.26762e-10
0.615937 0.0187239 4.64245e-19
0.615937 0.0260183 8.93878e-19
0.621859 0.0187305 1.24028e-12
0.621859 0.0259989 -4.84637e-14
0.627781 0.0187371 2.45178e-10
0.627781 0.0259794 8.25445e-12
0.633704 0.0187438 2.45529e-20
0.633704 0.0259598 5.84942e-20
0.639626 0.0187506 -5.98727e-09
0.639626 0.0259401 -2.46413e-19
0.645549 0.0187574 2.73953e-18
0.645549 0.0259204 3.02744e-19
0.651471 0.0187643 3.14979e-20
0.651471 0.0259005 7.62025e-21
0.657394 0.0187712 3.43122e-13
0.657394 0.0258807 6.11634e-20
0.663316 0.0187782 -2.80618e-10
0.663316 0.0258607 2.22982e-10
0.669239 0.0187852 -5.50914e-16
0.669239 0.0258407 -1.95484e-21
0.675161 0.0187923 -4.6749e-10
0.675161 0.0258206 -3.63993e-21
0.681084 0.0187995 2.17831e-21
0.681084 0.0258004 -3.54851e-18
0.687006 0.0188067 -1.6532e-10
0.687006 0.0257802 -1.06191e-11
0.692929 0.0188139 1.06487e-11
0.692929 0.0257599 -8.12763e-11
0.698851 0.0188213 -1.86716e-14
0.698851 0.0257396 -9.78203e-12
0.704774 0.0188286 2.68231e-17
0.704774 0.0257192 1.20581e-18
0.710696 0.0188361 -6.02946e-22
0.710696 0.0256987 3.46204e-20
0.716618 0.0188435 -1.14942e-12
0.716618 0.0256782 -1.19719e-10
0.722541 0.0188511 -2.93628e-19
0.722541 0.0256577 -9.59786e-19
0.728463 0.0188587 5.86181e-19
0.728463 0.0256371 3.85636e-20
0.734386 0.0188663 -1.40445e-19
0.734386 0.0256164 -9.7956e-19
0.740308 0.018874 -9.8703e-21
0.740308 0.0255957 7.68179e-22
0.746231 0.0188817 -3.54616e-10
0.746231 0.025575 -4.95384e-20
0.752153 0.0188895 5.52738e-19
0.752153 0.0255542 -5.6887e-20
0.758076 0.0188974 -5.49793e-12
0.758076 0.0255334 -3.50899e-12
0.763998 0.0189053 7.13513e-20
0.763998 0.0255125 -9.67549e-20
0.769921 0.0189132 8.96356e-21
0.769921 0.0254916 2.43248e-20
0.775843 0.0189212 3.40256e-18
0.775843 0.0254707 -3.12603e-18
0.781766 0.0189293 6.58262e-18
0.781766 0.0254497 7.46997e-17
0.787688 0.0189374 8.48007e-20
0.787688 0.0254287 -6.01026e-20
0.793611 0.0189456 6.92674e-19
0.793611 0.0254077 3.79177e-20
0.799533 0.0189538 -1.09265e-21
0.799533 0.0253866 -1.14702e-23
0.805455 0.018962 -6.81436e-18
0.805455 0.0253656 -4.51089e-20
0.811378 0.0189703 1.06569e-20
0.811378 0.0253444 -8.87829e-23
0.8173 0.0189787 -2.93721e-18
0.8173 0.0253233 1.3e-18
0.823223 0.0189871 4.36248e-21
0.823223 0.0253022 -3.20023e-21
0.829145 0.0189956 5.56376e-10
0.829145 0.025281 -2.38884e-22
0.835068 0.019004 -1.89548e-09
0.835068 0.0252598 -3.78732e-21
0.84099 0.0190126 -1.1735e-18
0.84099 0.0252386 1.03894e-18
0.846913 0.0190212 1.77296e-21
0.846913 0.0252173 3.09242e-21
0.852835 0.0190298 1.06566e-20
0.852835 0.0251961 2.47204e-19
0.858758 0.0190385 -7.10191e-22
0.858758 0.0251748 -1.62016e-23
0.86468 0.0190472 1.74498e-19
0.86468 0.0251536 -1.1892e-19
0.870603 0.019056 4.45642e-10
0.870603 0.0251323 1.29835e-11
0.876525 0.0190649 -5.21274e-10
0.876525 0.0251108 2.75497e-09
0.882448 0.0190737 4.78686e-10
0.882448 0.0250897 4.23451e-11
0.88837 0.0190826 -4.92772e-10
0.88837 0.0250684 -7.50546e-09
0.894292 0.0190916 1.38458e-10
0.894292 0.0250471 1.5245e-11
0.900215 0.0191006 2.42963e-10
0.900215 0.0250258 7.08404e-11
0.906137 0.0191096 -1.22989e-10
0.906137 0.0250045 -1.19811e-09
0.91206 0.0191187 8.45015e-10
0.91206 0.0249832 1.71946e-10
0.917982 0.0191278 4.73117e-11
0.917982 0.0249619 3.52685e-09
0.923905 0.019137 -6.73298e-11
0.923905 0.0249406 5.37348e-12
0.929827 0.0191462 -1.00554e-12
0.929827 0.0249193 -2.20249e-12
0.93575 0.0191554 -2.68452e-09
0.93575 0.024898 7.47674e-10
0.941672 0.0191647 -9.10753e-10
0.941672 0.0248768 8.16226e-10
0.947595 0.0191741 6.94165e-14
0.947595 0.0248555 -1.9141e-12
0.953517 0.0191834 -7.7333e-09
0.953517 0.0248343 9.53488e-10
0.95944 0.0191928 -2.09517e-19
0.95944 0.024813 -2.11351e-22
0.965362 0.0192023 1.65939e-19
0.965362 0.0247918 1.47281e-21
0.971285 0.0192118 -2.02907e-09
0.971285 0.0247706 1.27519e-12
0.977207 0.0192213 6.4159e-20
0.977207 0.0247494 -6.28595e-20
0.983129 0.0192308 -2.26369e-19
0.983129 0.0247283 -1.85399e-20
0.989052 0.0192404 -5.14152e-23
0.989052 0.0247071 -4.10522e-22
0.994974 0.01925 -1.65951e-20
0.994974 0.024686 -1.08728e-20
1.0009 0.0192597 -1.24861e-21
1.0009 0.0246649 -9.00459e-22
1.00682 0.0192693 -2.09295e-20
1.00682 0.0246438 -7.02612e-19
1.01274 0.0192791 -5.04872e-23
1.01274 0.0246228 -4.85218e-20
1.01866 0.0192888 -2.68711e-09
1.01866 0.0246018 -1.94679e-09
1.02459 0.0192986 1.05505e-10
1.02459 0.0245808 -2.92356e-11
1.03051 0.0193084 -7.61412e-19
1.03051 0.0245599 5.19067e-21
1.03643 0.0193182 -5.30615e-20
1.03643 0.0245389 1.26598e-19
1.04235 0.0193281 -6.82702e-20
1.04235 0.0245181 7.36034e-22
1.04828 0.019338 3.66533e-10
1.04828 0.0244972 -1.43725e-11
1.0542 0.0193479 -7.72717e-20
1.0542 0.0244764 1.86313e-19
1.06012 0.0193579 -2.4413e-09
1.06012 0.0244557 7.89644e-10
1.06604 0.0193678 -6.8059e-20
1.06604 0.024435 2.14263e-18
1.07197 0.0193778 -2.2164e-11
1.07197 0.0244143 2.23218e-12
1.07789 0.0193878 -9.059e-20
1.07789 0.0243936 5.24374e-22
1.08381 0.0193978 2.12329e-20
1.08381 0.0243731 -5.45373e-23
1.08973 0.0194079 1.89446e-10
1.08973 0.0243525 7.50866e-10
1.09566 0.019418 6.18478e-11
1.09566 0.024332 1.75717e-08
1.10158 0.0194281 1.42202e-11
1.10158 0.0243116 -4.71642e-10
1.1075 0.0194382 -1.60373e-10
1.1075 0.0242912 8.05234e-10
1.11342 0.0194483 -4.41053e-12
1.11342 0.0242709 3.60893e-11
1.11935 0.0194585 6.39936e-14
1.11935 0.0242506 -1.19381e-11
1.12527 0.0194686 1.18973e-12
1.12527 0.0242304 1.59246e-10
1.13119 0.0194788 -2.78887e-12
1.13119 0.0242103 2.30392e-11
1.13711 0.019489 -5.86759e-09
1.13711 0.0241902 -6.78566e-09
1.14304 0.0194992 6.8706e-12
1.14304 0.0241702 1.80881e-09
1.14896 0.0195094 -4.37108e-20
1.14896 0.0241502 2.00325e-20
1.15488 0.0195196 -6.82614e-21
1.15488 0.0241304 -1.51493e-19
1.1608 0.0195299 -1.87563e-22
1.1608 0.0241106 6.43804e-20
1.16673 0.0195401 -2.27241e-09
1.16673 0.0240908 1.91179e-09
1.17265 0.0195503 -3.9846e-10
1.17265 0.0240711 1.65557e-09
1.17857 0.0195606 4.21424e-11
1.17857 0.0240515 -1.71643e-10
1.18449 0.0195708 8.5078e-12
1.18449 0.024032 9.93911e-11
1.19042 0.0195811 -8.2827e-21
1.19042 0.0240126 1.84632e-21
1.19634 0.0195913 1.06422e-20
1.19634 0.0239932 7.84504e-22
1.20226 0.0196016 -2.94564e-22
1.20226 0.023974 1.31432e-19
1.20818 0.0196118 -8.41154e-23
1.20818 0.0239548 1.46722e-20
1.21411 0.019622 -5.26717e-22
1.21411 0.0239357 2.36282e-20
1.22003 0.0196323 -4.4968e-22
1.22003 0.0239167 -3.66468e-25
1.22595 0.0196425 4.31432e-11
1.22595 0.0238978 -7.13767e-12
1.23187 0.0196527 3.45491e-22
1.23187 0.023879 9.59876e-20
1.2378 0.0196629 -2.29978e-21
1.2378 0.0238602 -4.65335e-22
1.24372 0.0196731 2.19951e-12
1.24372 0.0238416 2.06089e-10
1.24964 0.0196832 -1.86155e-21
1.24964 0.0238231 1.44412e-22
1.25556 0.0196934 2.13819e-20
1.25556 0.0238047 -6.60168e-22
1.26149 0.0197035 -1.35558e-20
1.26149 0.0237864 1.7576e-20
1.26741 0.0197136 1.09694e-20
1.26741 0.0237682 3.50368e-23
1.27333 0.0197237 1.36486e-10
1.27333 0.0237501 1.51884e-10
1.27925 0.0197338 -1.71774e-12
1.27925 0.0237321 1.34432e-12
1.28518 0.0197438 7.42544e-21
1.28518 0.0237142 -1.10486e-19
1.2911 0.0197538 2.04534e-21
1.2911 0.0236965 -5.41005e-19
1.29702 0.0197638 1.87258e-22
1.29702 0.0236789 -6.97963e-19
1.30294 0.0197737 -1.96309e-19
1.30294 0.0236614 -9.09985e-19
1.30887 0.0197836 -1.70173e-17
1.30887 0.023644 3.95801e-18
1.31479 0.0197936 6.01615e-19
1.31479 0.0236267 -6.45286e-20
1.32071 0.0198033 -4.72484e-20
1.32071 0.0236096 -1.80229e-20
1.32663 0.0198131 5.70808e-22
1.32663 0.0235926 -1.83595e-19
1.33255 0.0198228 3.62149e-20
1.33255 0.0235758 7.15648e-23
1.33848 0.0198325 3.59951e-22
1.33848 0.0235591 -3.64059e-25
1.3444 0.0198421 1.00602e-19
1.3444 0.0235425 1.33777e-20
1.35032 0.0198518 -6.8447e-12
1.35032 0.0235261 9.53122e-11
1.35624 0.0198613 -2.89574e-23
1.35624 0.0235099 -8.13802e-21
1.36217 0.0198708 4.77102e-24
1.36217 0.0234937 2.0745e-21
1.36809 0.0198801 -2.82351e-20
1.36809 0.0234778 -9.46214e-20
1.37401 0.0198895 -1.12988e-20
1.37401 0.023462 -4.55004e-20
1.37993 0.0198988 5.01812e-10
1.37993 0.0234464 2.03372e-09
1.38586 0.019908 -6.89613e-12
1.38586 0.0234309 6.8535e-12
1.39178 0.0199171 -1.0254e-19
1.39178 0.0234156 2.77375e-20
1.3977 0.0199262 -1.53803e-20
1.3977 0.0234005 -1.99858e-20
1.40362 0.0199352 3.16395e-11
1.40362 0.0233855 5.01513e-11
1.40955 0.0199441 -2.83203e-24
1.40955 0.0233707 4.1129e-26
1.41547 0.0199529 6.36495e-20
1.41547 0.0233561 2.4988e-22
1.42139 0.0199616 -8.13942e-20
1.42139 0.0233417 1.85788e-19
1.42731 0.0199702 6.1835e-21
1.42731 0.0233275 -7.12766e-21
1.43324 0.0199787 -2.6414e-20
1.43324 0.0233135 3.29063e-20
1.43916 0.0199872 -1.83241e-16
1.43916 0.0232997 5.77177e-16
1.44508 0.0199955 -7.34832e-11
1.44508 0.0232861 1.86461e-10
1.451 0.0200037 -8.68265e-20
1.451 0.0232726 -4.72946e-21
1.45693 0.0200118 -2.86007e-20
1.45693 0.0232594 2.08466e-20
1.46285 0.0200199 -1.50619e-22
1.46285 0.0232464 -1.04274e-21
1.46877 0.0200277 1.9845e-19
1.46877 0.0232336 -3.14743e-21
1.47469 0.0200354 -1.76928e-20
1.47469 0.0232211 -6.60915e-21
1.48062 0.0200431 1.15211e-11
1.48062 0.0232087 -6.77888e-10
1.48654 0.0200507 -5.12053e-21
1.48654 0.0231966 9.12108e-20
1.49246 0.020058 1.39388e-20
1.49246 0.0231848 -2.14007e-21
1.49838 0.0200653 1.65668e-19
1.49838 0.0231731 2.29286e-21
1.50431 0.0200724 5.97359e-10
1.50431 0.0231617 -5.28868e-09
1.51023 0.0200793 1.76043e-21
1.51023 0.0231506 6.63661e-20
1.51615 0.0200861 7.68023e-21
1.51615 0.0231397 -1.23016e-20
1.52207 0.0200928 1.02589e-13
1.52207 0.023129 1.29945e-12
1.528 0.0200993 2.53093e-20
1.528 0.0231186 -2.21917e-19
1.53392 0.0201057 -4.46447e-09
1.53392 0.0231084 2.49592e-09
1.53984 0.0201118 3.9253e-21
1.53984 0.0230986 -1.24437e-20
1.54576 0.0201178 7.38335e-20
1.54576 0.023089 -9.26995e-21
1.55169 0.0201237 7.98072e-22
1.55169 0.0230796 -1.67075e-21
1.55761 0.0201295 6.79941e-19
1.55761 0.0230706 -6.26236e-20
1.56353 0.0201349 -2.82623e-20
1.56353 0.0230618 -3.38553e-21
1.56945 0.0201403 -6.6543e-10
1.56945 0.0230533 7.39718e-11
1.57538 0.0201453 9.2427e-11
1.57538 0.0230451 -9.24659e-11
1.5813 0.0201503 -7.63918e-22
1.5813 0.0230372 1.5916e-22
1.58722 0.020155 2.46132e-12
1.58722 0.0230296 -6.39579e-11
1.59314 0.0201596 -1.16315e-10
1.59314 0.0230223 2.95538e-11
1.59907 0.0201639 -1.35123e-19
1.59907 0.0230152 -4.55012e-18
1.60499 0.0201681 4.20656e-20
1.60499 0.0230085 -3.52984e-22
1.61091 0.020172 9.90953e-21
1.61091 0.0230021 2.47711e-20
1.61683 0.0201757 -1.65475e-11
1.61683 0.0229961 4.09895e-12
1.62276 0.0201793 1.08269e-19
1.62276 0.0229902 -1.03941e-19
1.62868 0.0201825 3.68561e-20
1.62868 0.0229848 -3.8612e-21
1.6346 0.0201859 -1.95314e-18
1.6346 0.0229797 1.0753e-18
1.64052 0.0201885 -2.17748e-20
1.64052 0.0229749 1.47084e-20
1.64645 0.0201912 3.26024e-21
1.64645 0.0229705 -4.34254e-20
1.65237 0.0201936 4.7165e-21
1.65237 0.0229663 -6.51261e-22
1.65829 0.0201958 -1.85715e-20
1.65829 0.0229625 -7.40626e-20
1.66421 0.0201978 1.29765e-11
1.66421 0.022959 -9.05979e-10
1.67014 0.0201995 1.14983e-19
1.67014 0.0229558 2.99747e-21
1.67606 0.020201 -2.06974e-20
1.67606 0.022953 1.08591e-19
1.68198 0.0202023 -1.87669e-22
1.68198 0.0229505 1.4857e-22
1.6879 0.0202034 3.26637e-09
1.6879 0.0229484 5.35773e-14
1.69383 0.0202041 3.05972e-20
1.69383 0.0229466 -2.53909e-20
1.69975 0.0202047 -1.17655e-09
1.69975 0.0229452 4.47156e-12
1.70567 0.020205 2.01752e-09
1.70567 0.0229441 -7.35905e-09
1.71159 0.0202051 4.57683e-10
1.71159 0.0229433 -7.25443e-10
1.71752 0.0202049 -4.92854e-17
1.71752 0.0229429 -9.33428e-16
1.72344 0.0202046 1.49143e-16
1.72344 0.0229428 6.97471e-17
1.72936 0.0202039 -1.6772e-11
1.72936 0.0229431 -5.01668e-11
1.73528 0.0202036 -3.34005e-10
1.73528 0.0229433 -9.92363e-10
1.74121 0.0202036 -2.04134e-19
1.74121 0.0229432 5.19669e-20
1.74713 0.0202038 -4.85537e-11
1.74713 0.0229429 -7.94987e-10
1.75305 0.0202041 4.11449e-10
1.75305 0.0229425 -1.81511e-10
1.75897 0.0202045 -1.24149e-11
1.75897 0.022942 -1.26539e-11
1.7649 0.0202049 3.71437e-20
1.7649 0.0229413 -2.99926e-20
1.77082 0.0202054 -1.12848e-20
1.77082 0.0229405 9.48661e-21
1.77674 0.020206 4.13455e-22
1.77674 0.0229396 7.97746e-21
1.78266 0.0202067 4.86228e-20
1.78266 0.0229386 -1.52965e-20
1.78858 0.0202075 8.44016e-21
1.78858 0.0229374 -2.02766e-22
1.79451 0.0202084 1.82444e-13
1.79451 0.0229361 -1.58507e-13
1.80043 0.0202093 2.03739e-11
1.80043 0.0229347 -4.63113e-12
1.80635 0.0202105 -2.38844e-18
1.80635 0.0229331 1.72387e-18
1.81227 0.0202115 -1.90592e-12
1.81227 0.0229315 1.45734e-15
1.8182 0.0202127 8.0197e-13
1.8182 0.0229297 4.16297e-15
1.82412 0.020214 -1.26141e-20
1.82412 0.0229278 2.21275e-21
1.83004 0.0202153 -8.90408e-09
1.83004 0.0229258 2.02055e-11
1.83596 0.0202168 -1.31283e-20
1.83596 0.0229236 -2.29399e-22
1.84189 0.0202184 -4.93777e-22
1.84189 0.0229213 2.29496e-21
1.84781 0.02022 -1.52243e-19
1.84781 0.0229189 3.25569e-20
1.85373 0.0202217 -8.36485e-14
1.85373 0.0229163 5.21272e-15
1.85965 0.0202235 -8.18145e-09
1.85965 0.0229137 2.1817e-11
1.86558 0.0202254 -1.48223e-22
1.86558 0.0229109 1.4923e-21
1.8715 0.0202274 -4.8653e-12
1.8715 0.022908 8.62054e-11
1.87742 0.0202295 8.99397e-20
1.87742 0.0229049 1.26964e-19
1.88334 0.0202316 -6.36173e-19
1.88334 0.0229018 -7.84456e-19
1.88927 0.0202339 1.84597e-09
1.88927 0.0228985 -8.83153e-11
1.89519 0.0202362 7.90054e-22
1.89519 0.0228951 -7.2201e-21
1.90111 0.0202386 -3.48487e-20
1.90111 0.0228915 -7.67719e-20
1.90703 0.0202411 5.68466e-11
1.90703 0.0228879 -9.67135e-12
1.91296 0.0202437 1.14267e-21
1.91296 0.0228841 6.47028e-22
1.91888 0.0202464 6.49123e-20
1.91888 0.0228802 1.7152e-19
1.9248 0.0202491 1.46307e-20
1.9248 0.0228762 -1.2534e-23
1.93072 0.0202519 7.22166e-20
1.93072 0.0228721 4.8444e-20
1.93665 0.0202547 -1.04296e-18
1.93665 0.0228678 -6.29809e-21
1.94257 0.0202578 7.11507e-19
1.94257 0.0228635 -4.85712e-19
1.94849 0.0202609 -9.06637e-21
1.94849 0.022859 1.43899e-20
1.95441 0.0202641 -2.77811e-20
1.95441 0.0228543 -8.29385e-21
1.96034 0.0202674 -1.62855e-11
1.96034 0.0228496 7.37759e-12
1.96626 0.0202707 8.68604e-21
1.96626 0.0228448 1.22164e-21
1.97218 0.0202741 -5.9493e-10
1.97218 0.0228398 -1.04492e-10
1.9781 0.0202777 -9.7862e-11
1.9781 0.0228347 1.25811e-10
1.98403 0.0202813 -1.19336e-12
1.98403 0.0228295 -2.88247e-11
1.98995 0.020285 7.41962e-20
1.98995 0.0228242 1.2603e-21
1.99587 0.0202887 -5.24731e-20
1.99587 0.0228187 2.80078e-21
2.00179 0.0202926 -6.02338e-20
2.00179 0.0228132 3.31984e-21
2.00772 0.0202965 3.74548e-20
2.00772 0.0228075 9.12749e-20
2.01364 0.0203006 -1.98849e-20
2.01364 0.0228018 -5.3168e-21
2.01956 0.0203047 6.56605e-21
2.01956 0.0227959 -1.74264e-21
2.02548 0.0203089 -8.60765e-21
2.02548 0.0227899 2.04259e-22
2.03141 0.0203131 -1.81299e-17
2.03141 0.0227837 -3.84308e-20
2.03733 0.0203175 -1.15916e-10
2.03733 0.0227775 -1.05906e-11
2.04325 0.020322 2.23105e-19
2.04325 0.0227712 2.34176e-20
2.04917 0.0203265 4.54968e-20
2.04917 0.0227647 -8.01228e-21
2.0551 0.0203311 -3.66171e-11
2.0551 0.0227581 -1.1702e-11
2.06102 0.0203358 4.19167e-09
2.06102 0.0227515 -1.65268e-11
2.06694 0.0203406 1.85842e-09
2.06694 0.0227447 -1.91601e-08
2.07286 0.0203456 3.17392e-09
2.07286 0.0227378 1.47998e-09
2.07879 0.0203505 4.19539e-11
2.07879 0.0227308 -1.10094e-09
2.08471 0.0203555 2.68498e-09
2.08471 0.0227237 1.95116e-10
2.09063 0.0203607 -3.49837e-09
2.09063 0.0227165 -1.0129e-08
2.09655 0.0203659 -1.53766e-10
2.09655 0.0227092 4.81383e-10
2.10248 0.0203712 1.01523e-20
2.10248 0.0227017 -2.6756e-20
2.1084 0.0203766 -4.05256e-20
2.1084 0.0226942 2.47994e-20
2.11432 0.0203821 -2.82478e-22
2.11432 0.0226866 2.0342e-21
2.12024 0.0203876 -1.1061e-21
2.12024 0.0226788 -1.83401e-20
2.12617 0.0203933 -5.25905e-19
2.12617 0.022671 2.35507e-20
2.13209 0.020399 1.27804e-20
2.13209 0.022663 -4.76713e-20
2.13801 0.0204048 -2.42529e-17
2.13801 0.022655 -3.49339e-18
2.14393 0.0204107 -1.30487e-10
2.14393 0.0226469 -2.57586e-10
2.14986 0.0204167 8.60432e-11
2.14986 0.0226386 1.18987e-11
2.15578 0.0204227 4.92455e-11
2.15578 0.0226302 1.16611e-10
2.1617 0.0204289 1.38152e-11
2.1617 0.0226218 1.35474e-10
2.16762 0.0204351 -6.24017e-10
2.16762 0.0226133 3.94481e-10
2.17355 0.0204414 5.19012e-10
2.17355 0.0226046 9.71999e-10
2.17947 0.0204478 -5.14495e-22
2.17947 0.0225959 9.34937e-22
2.18539 0.0204543 -1.62249e-20
2.18539 0.0225871 -4.6349e-21
2.19131 0.0204609 -2.04831e-20
2.19131 0.0225781 1.73899e-21
2.19724 0.0204675 2.30649e-20
2.19724 0.0225691 1.35717e-22
2.20316 0.0204743 -2.51841e-21
2.20316 0.02256 -1.17034e-21
2.20908 0.020481 2.61753e-09
2.20908 0.0225508 -2.71111e-11
2.215 0.0204879 -1.98711e-20
2.215 0.0225414 2.77373e-19
2.22092 0.020495 4.86343e-21
2.22092 0.0225321 4.26699e-21
2.22685 0.020502 5.33815e-22
2.22685 0.0225226 -7.17838e-23
2.23277 0.0205092 -1.06898e-10
2.23277 0.022513 -2.80372e-10
2.23869 0.0205164 2.41663e-19
2.23869 0.0225033 -5.27229e-21
2.24461 0.0205237 -3.40087e-21
2.24461 0.0224936 4.79957e-21
2.25054 0.020531 2.30227e-09
2.25054 0.0224837 -9.48406e-11
2.25646 0.0205386 -6.36298e-19
2.25646 0.0224738 -4.88327e-19
2.26238 0.0205462 -4.22004e-19
2.26238 0.0224638 5.02993e-19
2.2683 0.0205538 7.25327e-10
2.2683 0.0224537 3.99321e-10
2.27423 0.0205616 1.05492e-10
2.27423 0.0224435 -7.82306e-11
2.28015 0.0205693 1.19565e-10
2.28015 0.0224332 -6.38814e-11
2.28607 0.0205773 1.04158e-11
2.28607 0.0224229 1.48889e-11
2.29199 0.0205853 -1.66638e-09
2.29199 0.0224124 -1.73614e-12
2.29792 0.0205934 -9.34365e-12
2.29792 0.0224019 1.13047e-09
2.30384 0.0206015 4.06567e-11
2.30384 0.0223913 1.23295e-09
2.30976 0.0206098 -2.67015e-11
2.30976 0.0223807 2.27541e-12
2.31568 0.0206181 4.88954e-10
2.31568 0.0223699 -9.09858e-11
2.32161 0.0206265 9.06883e-20
2.32161 0.0223591 6.96969e-20
2.32753 0.020635 6.12982e-12
2.32753 0.0223481 1.40091e-11
2.33345 0.0206436 3.43174e-14
2.33345 0.0223372 -5.50673e-14
2.33937 0.0206522 -5.69842e-11
2.33937 0.0223261 3.58252e-11
2.3453 0.0206609 1.38664e-10
2.3453 0.0223149 5.23678e-11
2.35122 0.0206697 -5.9881e-13
2.35122 0.0223037 5.82222e-13
2.35714 0.0206786 -1.46552e-09
2.35714 0.0222924 4.53436e-12
2.36306 0.0206876 6.46524e-11
2.36306 0.0222811 1.38961e-10
2.36899 0.0206967 -2.77957e-19
2.36899 0.0222696 2.17015e-21
2.37491 0.0207059 5.3115e-19
2.37491 0.0222581 2.90261e-20
2.38083 0.0207151 -1.60069e-20
2.38083 0.0222466 4.0804e-21
2.38675 0.0207244 1.9711e-20
2.38675 0.0222349 -3.94964e-19
2.39268 0.0207337 -6.33466e-21
2.39268 0.0222232 3.68783e-21
2.3986 0.0207432 3.13299e-21
2.3986 0.0222114 1.2788e-20
2.40452 0.0207528 5.05052e-09
2.40452 0.0221996 6.76369e-09
2.41044 0.0207624 -7.6678e-21
2.41044 0.0221877 -8.11726e-21
2.41637 0.0207721 -3.71486e-16
2.41637 0.0221756 -3.00103e-15
2.42229 0.0207819 -3.76493e-20
2.42229 0.0221636 1.21864e-20
2.42821 0.0207918 9.73065e-10
2.42821 0.0221515 -6.02126e-10
2.43413 0.0208018 6.6365e-09
2.43413 0.0221394 -1.47178e-08
2.44006 0.0208118 -1.17488e-10
2.44006 0.0221271 3.62461e-11
2.44598 0.0208219 -6.10001e-21
2.44598 0.0221148 -2.90284e-21
2.4519 0.0208321 9.73708e-18
2.4519 0.0221025 5.13268e-17
2.45782 0.0208424 1.69743e-19
2.45782 0.0220901 -3.09434e-19
2.46375 0.0208527 -1.57927e-10
2.46375 0.0220776 -6.25345e-11
2.46967 0.0208632 8.11089e-11
2.46967 0.0220651 2.5378e-11
2.47559 0.0208737 -2.25667e-11
2.47559 0.0220525 2.34723e-11
2.48151 0.0208843 2.32678e-20
2.48151 0.0220399 -5.12465e-21
2.48744 0.020895 6.92641e-23
2.48744 0.0220272 1.20322e-20
2.49336 0.0209057 -1.07346e-09
2.49336 0.0220144 1.29744e-09
2.49928 0.0209165 2.37003e-19
2.49928 0.0220016 2.68856e-18
2.5052 0.0209275 9.07525e-22
2.5052 0.0219888 3.09509e-21
2.51113 0.0209386 -1.05617e-08
2.51113 0.0219757 -6.86968e-10
2.51705 0.0209495 -2.25474e-19
2.51705 0.0219629 -3.59639e-19
2.52297 0.0209607 8.95879e-21
2.52297 0.0219499 -2.21728e-20
2.52889 0.0209719 -1.99765e-10
2.52889 0.0219369 -1.37082e-10
2.53482 0.0209832 3.48848e-20
2.53482 0.0219238 1.08933e-20
2.54074 0.0209946 -1.11915e-19
2.54074 0.0219106 -9.6602e-20
2.54666 0.021006 4.31315e-09
2.54666 0.0218974 1.9819e-10
2.55258 0.0210176 -8.93308e-11
2.55258 0.0218842 9.79982e-11
2.55851 0.0210292 -1.42423e-10
2.55851 0.0218709 -5.49541e-11
2.56443 0.0210408 7.88332e-19
2.56443 0.0218576 -1.86634e-19
2.57035 0.0210527 -1.99121e-20
2.57035 0.0218443 4.09137e-21
2.57627 0.0210645 2.47031e-10
2.57627 0.0218309 -9.51091e-13
2.5822 0.0210764 2.07839e-10
2.5822 0.0218174 3.62442e-10
2.58812 0.0210884 5.71498e-14
2.58812 0.021804 1.43985e-14
2.59404 0.0211004 1.99731e-20
2.59404 0.0217905 1.5806e-20
2.59996 0.0211126 1.01604e-19
2.59996 0.021777 -8.85193e-20
2.60589 0.0211248 1.81085e-10
2.60589 0.0217634 1.63668e-10
2.61181 0.021137 -5.16142e-12
2.61181 0.0217498 -2.41455e-13
2.61773 0.0211493 5.59565e-20
2.61773 0.0217362 -2.38096e-21
2.62365 0.0211618 9.51938e-21
2.62365 0.0217225 1.37925e-20
2.62958 0.0211742 -3.33021e-10
2.62958 0.0217089 7.18473e-11
2.6355 0.0211867 -3.48026e-11
2.6355 0.0216952 -4.75374e-10
2.64142 0.0211993 2.66535e-10
2.64142 0.0216815 1.82257e-10
2.64734 0.0212119 -1.29924e-20
2.64734 0.0216677 -1.47724e-19
2.65327 0.0212246 6.22745e-10
2.65327 0.021654 -9.04037e-09
2.65919 0.0212373 4.99804e-19
2.65919 0.0216403 -1.5887e-19
2.66511 0.0212501 1.24162e-08
2.66511 0.0216266 -4.71062e-10
2.67103 0.0212628 3.08545e-09
2.67103 0.021613 -6.72572e-09
2.67695 0.0212756 1.49136e-19
2.67695 0.0215993 -1.50643e-20
2.68288 0.0212884 -3.92307e-19
2.68288 0.0215858 -6.93082e-19
2.6888 0.0213012 -2.16897e-20
2.6888 0.0215723 -1.36211e-19
2.69472 0.0213138 3.87379e-21
2.69472 0.0215589 -4.9638e-22
2.70064 0.0213264 -2.50366e-19
2.70064 0.0215457 5.53762e-20
2.70657 0.0213387 4.1177e-17
2.70657 0.0215328 8.11982e-18
2.71249 0.0213507 -1.91082e-19
2.71249 0.0215202 -7.36197e-20
2.71841 0.0213621 1.35097e-11
2.71841 0.0215083 -6.23419e-11
2.72433 0.0213726 1.20946e-19
2.72433 0.0214974 5.04698e-20
2.73026 0.0213815 -2.82493e-11
2.73026 0.021488 1.51052e-11
2.73618 0.0213748 -3.31642e-14
2.73618 0.0214951 4.02358e-12
2.7421 0.0213618 -4.73876e-22
2.7421 0.0215088 6.47233e-21
2.74802 0.0213488 -5.99554e-10
2.74802 0.0215226 -1.01825e-11
2.75395 0.0213358 1.26563e-18
2.75395 0.0215364 -1.31713e-18
2.75987 0.0213227 1.29057e-19
2.75987 0.0215504 -2.97013e-18
2.76579 0.0213097 1.06333e-13
2.76579 0.0215644 -4.43689e-12
2.77171 0.0212966 -1.6025e-08
2.77171 0.0215784 -1.31793e-11
2.77764 0.0212835 1.99873e-12
2.77764 0.0215926 1.43264e-11
2.78356 0.0212703 -1.32606e-20
2.78356 0.0216068 4.32552e-19
2.78948 0.0212572 -3.81669e-21
2.78948 0.0216211 -1.24956e-20
2.7954 0.021244 -4.79645e-20
2.7954 0.0216355 -3.31779e-21
2.80133 0.0212308 4.78216e-12
2.80133 0.0216499 2.02093e-10
2.80725 0.0212176 -3.08057e-20
2.80725 0.0216644 -3.37287e-20
2.81317 0.0212044 4.03884e-11
2.81317 0.0216787 -3.22205e-08
2.81909 0.0211912 -1.01772e-11
2.81909 0.0216936 6.56888e-11
2.82502 0.0211779 1.20714e-21
2.82502 0.0217083 -2.40755e-21
2.83094 0.0211646 -5.31526e-13
2.83094 0.0217231 1.93386e-10
2.83686 0.0211513 5.75593e-12
2.83686 0.021738 8.10273e-10
2.84278 0.021138 1.67794e-10
2.84278 0.0217529 -1.28129e-10
2.84871 0.0211247 -3.28238e-15
2.84871 0.021768 1.7949e-13
2.85463 0.0211114 -3.67652e-10
2.85463 0.021783 -2.0778e-09
2.86055 0.021098 -1.53354e-21
2.86055 0.0217982 7.27873e-20
2.86647 0.0210847 1.30397e-19
2.86647 0.0218134 -8.58225e-20
2.8724 0.0210713 2.51374e-21
2.8724 0.0218287 3.68662e-24
2.87832 0.021058 -2.74552e-18
2.87832 0.021844 6.00819e-17
2.88424 0.0210446 -1.89575e-20
2.88424 0.0218595 3.61017e-18
2.89016 0.0210312 -5.49296e-14
2.89016 0.021875 -3.34783e-13
2.89609 0.0210178 -2.11389e-21
2.89609 0.0218905 8.90567e-22
2.90201 0.0210044 -8.48017e-28
2.90201 0.0219062 -2.66878e-24
2.90793 0.0209909 -8.95851e-23
2.90793 0.0219219 1.00088e-20
2.91385 0.0209775 -1.3437e-20
2.91385 0.0219377 -2.61712e-19
2.91978 0.0209641 -4.15705e-20
2.91978 0.0219535 -7.12153e-18
2.9257 0.0209506 -3.35323e-23
2.9257 0.0219694 -2.17785e-22
2.93162 0.0209372 -4.18545e-22
2.93162 0.0219854 -1.10238e-21
2.93754 0.0209237 1.07687e-19
2.93754 0.0220014 -6.45831e-19
2.94347 0.0209103 -1.05692e-20
2.94347 0.0220175 2.762e-24
2.94939 0.0208968 -5.8226e-23
2.94939 0.0220337 6.37418e-23
2.95531 0.0208833 1.22762e-19
2.95531 0.02205 1.87896e-20
2.96123 0.0208699 2.96788e-20
2.96123 0.0220663 3.5034e-19
2.96716 0.0208564 -5.91598e-26
2.96716 0.0220827 3.38519e-27
2.97308 0.0208429 -4.0775e-22
2.97308 0.0220991 3.10162e-22
2.979 0.0208295 7.80313e-21
2.979 0.0221156 -5.44497e-19
2.98492 0.020816 1.64672e-26
2.98492 0.0221322 -5.74347e-25
2.99085 0.0208025 -1.21629e-12
2.99085 0.0221489 9.53756e-12
2.99677 0.0207891 2.50919e-12
2.99677 0.0221656 1.03096e-11
3.00269 0.0207756 -1.1151e-11
3.00269 0.0221824 -5.38313e-11
3.00861 0.0207621 5.8456e-11
3.00861 0.0221992 -6.02002e-11
3.01454 0.0207486 -6.11559e-25
3.01454 0.0222161 2.85626e-25
3.02046 0.0207352 -5.80397e-25
3.02046 0.0222331 -5.2451e-21
3.02638 0.0207217 1.1837e-24
3.02638 0.0222501 -2.05654e-22
3.0323 0.0207083 -2.63874e-21
3.0323 0.0222672 -1.38759e-21
3.03823 0.0206948 3.48019e-22
3.03823 0.0222844 2.15773e-22
3.04415 0.0206814 5.46251e-20
3.04415 0.0223016 -1.49437e-21
3.05007 0.0206679 -4.36328e-21
3.05007 0.0223189 -1.63936e-21
3.05599 0.0206545 2.91416e-25
3.05599 0.0223363 7.44277e-23
3.06192 0.020641 -3.87681e-25
3.06192 0.0223537 -1.08281e-21
3.06784 0.0206276 1.21994e-22
3.06784 0.0223712 -1.20845e-20
3.07376 0.0206142 2.9346e-10
3.07376 0.0223887 2.54033e-10
3.07968 0.0206008 5.51224e-14
3.07968 0.0224063 9.24086e-11
3.08561 0.0205874 2.3523e-13
3.08561 0.022424 -4.17359e-11
3.09153 0.020574 -9.2687e-22
3.09153 0.0224417 -3.97334e-20
3.09745 0.0205606 6.58874e-20
3.09745 0.0224595 2.44273e-19
3.10337 0.0205472 -2.23906e-21
3.10337 0.0224774 -4.44341e-20
3.10929 0.0205339 -3.8618e-20
3.10929 0.0224953 1.75471e-20
3.11522 0.0205205 4.46724e-13
3.11522 0.0225133 2.40499e-12
3.12114 0.0205072 -5.45067e-26
3.12114 0.0225313 -1.22723e-23
3.12706 0.0204938 8.73257e-13
3.12706 0.0225494 -1.52493e-13
3.13298 0.0204805 1.34182e-23
3.13298 0.0225676 1.29446e-21
3.13891 0.0204672 8.64155e-22
3.13891 0.0225858 -1.39324e-19
3.14483 0.0204539 -3.01978e-20
3.14483 0.022604 -1.7796e-19
3.15075 0.0204406 -5.29463e-25
3.15075 0.0226224 1.26725e-24
3.15667 0.0204274 -4.56903e-24
3.15667 0.0226408 8.95231e-22
3.1626 0.0204141 -1.75858e-11
3.1626 0.0226592 1.02302e-11
3.16852 0.0204009 1.97457e-20
3.16852 0.0226777 -3.25594e-22
3.17444 0.0203877 -1.61176e-19
3.17444 0.0226963 -1.63529e-20
3.18036 0.0203744 1.37832e-09
3.18036 0.0227149 6.35594e-11
3.18629 0.0203613 -5.87767e-23
3.18629 0.0227336 -8.71457e-22
3.19221 0.0203481 -8.5235e-24
3.19221 0.0227523 2.52094e-23
3.19813 0.0203349 -2.89161e-21
3.19813 0.0227711 4.99609e-23
3.20405 0.0203218 4.09399e-20
3.20405 0.0227899 1.50288e-19
3.20998 0.0203087 -4.52206e-15
3.20998 0.0228088 4.74437e-15
3.2159 0.0202956 1.05495e-19
3.2159 0.0228278 1.24529e-20
3.22182 0.0202825 2.66497e-23
3.22182 0.0228468 -6.86032e-21
3.22774 0.0202694 1.7405e-22
3.22774 0.0228659 -6.44336e-19
3.23367 0.0202564 -2.01843e-22
3.23367 0.022885 3.62939e-22
3.23959 0.0202434 -2.00098e-09
3.23959 0.0229042 -4.20926e-09
3.24551 0.0202304 -9.30051e-20
3.24551 0.0229234 2.57962e-18
3.25143 0.0202174 -6.27818e-11
3.25143 0.0229427 -9.78667e-13
3.25736 0.0202044 -2.92183e-11
3.25736 0.022962 4.76346e-13
3.26328 0.0201915 3.08642e-20
3.26328 0.0229814 1.49639e-21
3.2692 0.0201785 1.80879e-18
3.2692 0.0230008 7.37919e-20
3.27512 0.0201657 1.50044e-20
3.27512 0.0230203 4.89465e-22
3.28105 0.0201528 1.05569e-10
3.28105 0.0230398 2.45149e-12
3.28697 0.02014 1.56236e-19
3.28697 0.0230594 -2.9939e-21
3.29289 0.0201271 5.53118e-21
3.29289 0.0230791 1.40356e-23
3.29881 0.0201143 -4.33335e-21
3.29881 0.0230988 -5.50741e-24
3.30474 0.0201016 -1.02817e-18
3.30474 0.0231185 1.77703e-20
3.31066 0.0200888 -2.89004e-21
3.31066 0.0231383 8.73859e-21
3.31658 0.0200761 7.71405e-20
3.31658 0.0231581 -2.1646e-20
3.3225 0.0200634 1.58667e-12
3.3225 0.023178 -3.6515e-10
3.32843 0.0200507 -7.52722e-20
3.32843 0.0231979 2.14087e-19
3.33435 0.0200381 1.85368e-20
3.33435 0.0232179 -1.78246e-20
3.34027 0.0200254 1.48957e-21
3.34027 0.0232379 3.66673e-20
3.34619 0.0200128 6.1421e-10
3.34619 0.023258 1.95464e-19
3.35212 0.0200003 2.92881e-20
3.35212 0.0232781 -2.74588e-20
3.35804 0.0199877 5.05759e-11
3.35804 0.0232983 4.23544e-12
3.36396 0.0199752 -2.13942e-11
3.36396 0.0233185 -9.38292e-11
3.36988 0.0199628 1.54943e-17
3.36988 0.0233388 -1.85401e-13
3.37581 0.0199503 -5.74904e-11
3.37581 0.0233591 -7.61522e-13
3.38173 0.0199379 -1.19696e-19
3.38173 0.0233794 1.53332e-19
3.38765 0.0199255 6.14748e-20
3.38765 0.0233998 5.82481e-21
3.39357 0.0199132 -1.98996e-20
3.39357 0.0234202 6.25659e-20
3.3995 0.0199008 6.30192e-11
3.3995 0.0234407 1.51474e-13
3.40542 0.0198885 1.84542e-20
3.40542 0.0234612 -1.85642e-20
3.41134 0.0198763 5.28558e-20
3.41134 0.0234817 -3.6695e-23
3.41726 0.019864 -1.72465e-21
3.41726 0.0235023 -8.90684e-21
3.42319 0.0198518 1.77865e-08
3.42319 0.023523 -3.43032e-10
3.42911 0.0198397 -6.89828e-22
3.42911 0.0235437 -2.64991e-22
3.43503 0.0198275 5.79645e-20
3.43503 0.0235644 -2.41566e-20
3.44095 0.0198155 -3.0799e-10
3.44095 0.0235851 -1.03786e-12
3.44688 0.0198034 6.44253e-21
3.44688 0.0236059 -6.37686e-21
3.4528 0.0197913 2.18644e-21
3.4528 0.0236267 3.29843e-21
3.45872 0.0197793 -1.11627e-19
3.45872 0.0236476 9.77541e-21
3.46464 0.0197674 1.76692e-19
3.46464 0.0236685 1.29987e-20
3.47057 0.0197554 4.835e-19
3.47057 0.0236894 -2.81359e-20
3.47649 0.0197436 5.48118e-20
3.47649 0.0237104 1.7311e-20
3.48241 0.0197317 -8.67011e-21
3.48241 0.0237314 1.11284e-22
3.48833 0.0197199 7.63578e-21
3.48833 0.0237525 -2.25013e-21
3.49426 0.0197081 6.22637e-21
3.49426 0.0237735 -2.94267e-20
3.50018 0.0196963 1.90251e-20
3.50018 0.0237947 -7.66105e-21
3.5061 0.0196846 7.38168e-23
3.5061 0.0238158 1.09909e-25
3.51202 0.0196729 -8.45631e-11
3.51202 0.023837 -9.79948e-14
3.51795 0.0196613 -3.27742e-20
3.51795 0.0238582 4.72237e-20
3.52387 0.0196497 7.07873e-10
3.52387 0.0238794 2.23693e-20
3.52979 0.0196381 -3.58739e-21
3.52979 0.0239007 -3.31679e-22
3.53571 0.0196266 6.58161e-15
3.53571 0.023922 -1.25864e-16
3.54164 0.0196151 3.6199e-09
3.54164 0.0239433 -2.41767e-09
3.54756 0.0196037 -2.1225e-12
3.54756 0.0239647 2.06476e-11
3.55348 0.0195923 -2.06561e-20
3.55348 0.023986 2.08366e-21
3.5594 0.0195808 -5.65446e-12
3.5594 0.0240075 -1.88145e-14
3.56532 0.0195696 6.33448e-10
3.56532 0.0240289 1.56501e-08
3.57125 0.0195583 9.99492e-14
3.57125 0.0240504 -8.8463e-13
3.57717 0.019547 -4.00171e-12
3.57717 0.0240718 -1.80169e-19
3.58309 0.0195358 5.00791e-20
3.58309 0.0240933 1.73569e-22
3.58901 0.0195246 -2.63596e-19
3.58901 0.0241149 -7.60374e-21
3.59494 0.0195135 5.31356e-23
3.59494 0.0241364 -1.18334e-21
3.60086 0.0195024 -9.90287e-20
3.60086 0.024158 -4.27394e-22
3.60678 0.0194914 5.40791e-18
3.60678 0.0241796 3.99787e-21
3.6127 0.0194804 2.5016e-19
3.6127 0.0242012 -2.83676e-19
3.61863 0.0194694 4.06721e-13
3.61863 0.0242229 9.14631e-22
3.62455 0.0194585 1.98993e-21
3.62455 0.0242445 -4.25e-22
3.63047 0.0194476 -8.11195e-20
3.63047 0.0242662 -4.57707e-20
3.63639 0.0194368 3.56089e-10
3.63639 0.0242879 -1.50911e-12
3.64232 0.019426 -1.53168e-21
3.64232 0.0243096 -3.18464e-21
3.64824 0.0194153 2.48205e-19
3.64824 0.0243314 -1.17532e-20
3.65416 0.0194046 5.1828e-21
3.65416 0.0243531 -5.11375e-20
3.66008 0.0193939 -2.49592e-11
3.66008 0.0243749 1.80016e-22
3.66601 0.0193833 -6.78888e-18
3.66601 0.0243966 8.92109e-18
3.67193 0.0193728 -2.36701e-10
3.67193 0.0244184 6.15992e-19
3.67785 0.0193623 -4.86748e-20
3.67785 0.0244402 -1.95952e-20
3.68377 0.0193518 -2.29291e-15
3.68377 0.024462 2.71724e-16
3.6897 0.0193413 -1.11203e-10
3.6897 0.0244838 2.61444e-12
3.69562 0.0193309 2.41683e-19
3.69562 0.0245057 -5.91587e-22
3.70154 0.0193206 1.82091e-22
3.70154 0.0245275 -1.0766e-21
3.70746 0.0193103 3.76482e-11
3.70746 0.0245493 -5.78563e-11
3.71339 0.0193001 1.12782e-19
3.71339 0.0245712 1.68644e-19
3.71931 0.0192899 3.31059e-21
3.71931 0.0245931 6.16579e-21
3.72523 0.0192797 -2.40298e-17
3.72523 0.0246149 -5.65923e-20
3.73115 0.0192696 4.36527e-18
3.73115 0.0246368 -8.23685e-19
3.73708 0.0192596 -6.01172e-21
3.73708 0.0246587 -5.24467e-20
3.743 0.0192496 2.4346e-19
3.743 0.0246805 -2.49063e-19
3.74892 0.0192396 1.7388e-16
3.74892 0.0247024 -7.73028e-20
3.75484 0.0192297 -1.38286e-19
3.75484 0.0247243 4.31769e-19
3.76077 0.0192198 -1.21723e-19
3.76077 0.0247461 -2.06162e-20
3.76669 0.01921 -1.02723e-19
3.76669 0.024768 -4.72525e-21
3.77261 0.0192003 -6.99894e-13
3.77261 0.0247899 -1.06661e-20
3.77853 0.0191905 -6.12352e-19
3.77853 0.0248117 1.58803e-19
3.78446 0.0191809 -3.26737e-20
3.78446 0.0248336 4.54049e-19
3.79038 0.0191713 3.95424e-10
3.79038 0.0248555 1.5589e-10
3.7963 0.0191617 -6.08703e-20
3.7963 0.0248773 1.34389e-19
3.80222 0.0191522 -8.8128e-11
3.80222 0.0248992 -7.88418e-21
3.80815 0.0191427 4.78623e-19
3.80815 0.024921 2.79898e-20
3.81407 0.0191333 1.34553e-12
3.81407 0.0249428 2.00196e-20
3.81999 0.0191239 9.51341e-12
3.81999 0.0249646 -4.31076e-22
3.82591 0.0191146 -6.80613e-20
3.82591 0.0249864 -8.36108e-22
3.83184 0.0191053 -1.78868e-11
3.83184 0.0250082 3.86038e-20
3.83776 0.0190961 1.71851e-21
3.83776 0.02503 -1.72952e-21
3.84368 0.019087 -2.09156e-19
3.84368 0.0250517 1.15867e-19
3.8496 0.0190779 -4.43884e-10
3.8496 0.0250735 -4.8044e-11
3.85553 0.0190688 4.09796e-11
3.85553 0.0250952 4.83003e-22
3.86145 0.0190598 2.82348e-19
3.86145 0.0251169 -1.25103e-19
3.86737 0.0190508 8.43237e-11
3.86737 0.0251386 4.49583e-14
3.87329 0.0190419 5.58381e-11
3.87329 0.0251602 -5.41259e-20
3.87922 0.0190331 1.89366e-08
3.87922 0.0251819 -4.6079e-22
3.88514 0.0190243 -2.80919e-17
3.88514 0.0252035 4.99031e-19
3.89106 0.0190155 7.44707e-18
3.89106 0.0252251 -4.02239e-23
3.89698 0.0190068 -5.8725e-15
3.89698 0.0252466 -1.16328e-15
3.90291 0.0189982 1.12947e-15
3.90291 0.0252682 1.08962e-15
3.90883 0.0189896 -6.08029e-21
3.90883 0.0252897 -2.77963e-20
3.91475 0.0189811 3.12751e-13
3.91475 0.0253111 8.94261e-20
3.92067 0.0189726 -3.14247e-20
3.92067 0.0253326 9.99462e-21
3.9266 0.0189642 3.13189e-18
3.9266 0.025354 2.07266e-20
3.93252 0.0189558 -1.75975e-20
3.93252 0.0253754 7.37605e-21
3.93844 0.0189475 7.45862e-15
3.93844 0.0253967 8.73504e-22
3.94436 0.0189393 5.91866e-10
3.94436 0.025418 -6.4407e-10
3.95029 0.018931 2.63495e-10
3.95029 0.0254393 -4.04954e-10
3.95621 0.0189229 -2.12347e-11
3.95621 0.0254605 -8.83271e-13
3.96213 0.0189148 8.85346e-20
3.96213 0.0254817 -7.22351e-21
3.96805 0.0189068 -5.59651e-12
3.96805 0.0255028 6.4333e-12
3.97398 0.0188988 -1.05399e-10
3.97398 0.0255239 1.46783e-11
3.9799 0.0188908 9.78088e-21
3.9799 0.025545 5.42477e-20
3.98582 0.018883 4.10407e-22
3.98582 0.025566 1.70368e-21
3.99174 0.0188752 -1.00283e-19
3.99174 0.0255869 8.84368e-20
3.99766 0.0188674 -5.80045e-21
3.99766 0.0256078 3.48277e-20
4.00359 0.0188597 4.12451e-11
4.00359 0.0256287 -7.12172e-11
4.00951 0.018852 -2.32265e-17
4.00951 0.0256495 8.518e-17
4.01543 0.0188444 2.51964e-19
4.01543 0.0256702 3.22815e-22
4.02135 0.0188369 -8.07676e-15
4.02135 0.0256909 -8.39712e-18
4.02728 0.0188294 8.45125e-11
4.02728 0.0257115 7.88465e-17
4.0332 0.018822 2.77136e-19
4.0332 0.0257321 -4.55709e-19
4.03912 0.0188146 8.96853e-19
4.03912 0.0257526 -1.67265e-21
4.04504 0.0188073 -6.04566e-20
4.04504 0.025773 7.71212e-21
4.05097 0.0188001 1.62578e-12
4.05097 0.0257934 1.84434e-13
4.05689 0.0187929 -5.25361e-21
4.05689 0.0258137 1.32003e-20
4.06281 0.0187858 -1.65478e-10
4.06281 0.025834 -3.73606e-22
4.06873 0.0187787 -4.97283e-20
4.06873 0.0258541 8.4821e-23
4.07466 0.0187717 -1.40515e-20
4.07466 0.0258743 -1.74538e-21
4.08058 0.0187647 4.6272e-10
4.08058 0.0258943 3.1511e-12
4.0865 0.0187578 3.88771e-13
4.0865 0.0259142 -2.45103e-12
4.09242 0.018751 -1.711e-16
4.09242 0.0259341 9.6177e-18
4.09835 0.0187442 -5.251e-20
4.09835 0.0259539 -4.46984e-22
4.10427 0.0187374 5.64431e-14
4.10427 0.0259736 1.07493e-11
4.11019 0.0187308 -3.28483e-11
4.11019 0.0259933 1.313e-11
4.11611 0.0187242 6.34523e-23
4.11611 0.0260128 1.02691e-19
4.12204 0.0187176 1.0976e-10
4.12204 0.0260323 -7.16493e-12
4.12796 0.0187111 4.81825e-11
4.12796 0.0260517 1.13409e-21
4.13388 0.0187047 -7.61428e-14
4.13388 0.026071 -5.21479e-14
4.1398 0.0186983 -8.33917e-20
4.1398 0.0260902 3.63006e-21
4.14573 0.018692 -9.85163e-19
4.14573 0.0261093 -1.25591e-19
4.15165 0.0186857 7.19992e-20
4.15165 0.0261283 9.8873e-23
4.15757 0.0186795 -1.6997e-12
4.15757 0.0261472 7.33284e-13
4.16349 0.0186734 2.5349e-22
4.16349 0.026166 -6.21379e-23
4.16942 0.0186673 -6.18837e-22
4.16942 0.0261847 4.50246e-18
4.17534 0.0186613 -9.2462e-10
4.17534 0.0262033 -6.00925e-11
4.18126 0.0186554 4.69045e-18
4.18126 0.0262218 2.65743e-20
4.18718 0.0186495 -4.3062e-10
4.18718 0.0262402 5.08957e-11
4.19311 0.0186436 -4.71294e-19
4.19311 0.0262585 4.65363e-21
4.19903 0.0186378 -8.49059e-09
4.19903 0.0262767 -1.67522e-09
4.20495 0.0186322 7.71565e-11
4.20495 0.0262948 2.09469e-10
4.21087 0.0186265 6.09313e-20
4.21087 0.0263127 2.1105e-20
4.2168 0.0186209 8.53387e-10
4.2168 0.0263305 -1.5057e-20
4.22272 0.0186154 -2.65518e-18
4.22272 0.0263483 -7.16576e-20
4.22864 0.0186099 1.17258e-12
4.22864 0.0263658 1.63251e-19
4.23456 0.0186045 4.57581e-19
4.23456 0.0263833 -7.75713e-21
4.24049 0.0185992 -1.81635e-18
4.24049 0.0264007 -1.3067e-20
4.24641 0.0185939 2.53596e-11
4.24641 0.0264179 -7.01153e-20
4.25233 0.0185887 8.75735e-10
4.25233 0.026435 -1.07055e-10
4.25825 0.0185835 -4.17782e-19
4.25825 0.0264519 5.42478e-19
4.26418 0.0185784 6.70095e-20
4.26418 0.0264687 -2.76194e-21
4.2701 0.0185734 6.03838e-09
4.2701 0.0264854 -7.70272e-12
4.27602 0.0185684 -8.57833e-11
4.27602 0.026502 2.19916e-11
4.28194 0.0185635 -2.30293e-11
4.28194 0.0265184 -3.93855e-12
4.28787 0.0185586 4.78537e-09
4.28787 0.0265346 1.60912e-11
4.29379 0.0185538 -3.72541e-10
4.29379 0.0265507 -1.00575e-10
4.29971 0.0185491 -9.74546e-09
4.29971 0.0265667 9.22907e-11
4.30563 0.0185444 1.44447e-10
4.30563 0.0265825 9.39857e-13
4.31156 0.0185398 7.79987e-11
4.31156 0.0265982 -3.30379e-12
4.31748 0.0185353 -3.84248e-11
4.31748 0.0266137 6.14957e-11
4.3234 0.0185308 -1.31545e-09
4.3234 0.0266291 1.25991e-19
4.32932 0.0185264 8.13393e-12
4.32932 0.0266443 -3.22815e-13
4.33525 0.018522 6.56121e-11
4.33525 0.0266593 -8.10819e-14
4.34117 0.0185178 2.74314e-10
4.34117 0.0266742 -2.26573e-20
4.34709 0.0185135 2.47162e-11
4.34709 0.0266889 -4.12604e-12
4.35301 0.0185094 -2.49064e-12
4.35301 0.0267035 -2.30845e-10
4.35894 0.0185053 5.27665e-12
4.35894 0.0267178 3.84722e-12
4.36486 0.0185012 -2.29961e-14
4.36486 0.026732 -2.5787e-21
4.37078 0.0184973 1.95538e-11
4.37078 0.0267461 -2.66856e-11
4.3767 0.0184934 -5.57391e-09
4.3767 0.0267599 1.08507e-20
4.38263 0.0184895 2.09946e-10
4.38263 0.0267736 -5.45565e-12
4.38855 0.0184857 3.75308e-09
4.38855 0.0267871 1.03634e-10
4.39447 0.018482 3.66047e-18
4.39447 0.0268004 -2.15942e-20
4.40039 0.0184783 8.62108e-21
4.40039 0.0268136 -4.41079e-19
4.40632 0.0184747 5.39274e-23
4.40632 0.0268265 -4.89409e-21
4.41224 0.0184712 1.55755e-10
4.41224 0.0268393 -1.80733e-11
4.41816 0.0184677 -5.89785e-18
4.41816 0.0268519 -2.92269e-24
4.42408 0.0184643 -1.05605e-18
4.42408 0.0268642 1.02027e-20
4.43001 0.018461 -2.55175e-12
4.43001 0.0268764 5.51749e-10
4.43593 0.0184577 1.18404e-20
4.43593 0.0268884 7.57733e-22
4.44185 0.0184545 -6.11361e-21
4.44185 0.0269002 -4.78025e-21
4.44777 0.0184514 -4.90438e-21
4.44777 0.0269117 1.25685e-18
4.45369 0.0184483 4.20293e-17
4.45369 0.0269232 2.79001e-21
4.45962 0.0184453 -1.14769e-10
4.45962 0.0269343 -8.01938e-14
4.46554 0.0184423 5.59442e-12
4.46554 0.0269453 -7.54255e-10
4.47146 0.0184394 1.09728e-11
4.47146 0.0269561 -6.96897e-11
4.47738 0.0184366 3.54695e-11
4.47738 0.0269666 9.12728e-12
4.48331 0.0184338 1.23015e-11
4.48331 0.026977 -3.43332e-13
4.48923 0.0184311 9.06546e-12
4.48923 0.0269871 5.8142e-10
4.49515 0.0184285 -4.97187e-18
4.49515 0.026997 -1.58944e-18
4.50107 0.0184259 1.95817e-11
4.50107 0.0270067 2.49224e-11
4.507 0.0184234 -1.29255e-15
4.507 0.0270161 -2.18578e-21
4.51292 0.018421 1.12309e-11
4.51292 0.0270254 -1.84915e-19
4.51884 0.0184186 2.37776e-18
4.51884 0.0270344 1.73708e-20
4.52476 0.0184163 -1.89265e-11
4.52476 0.0270432 1.77025e-12
4.53069 0.018414 -4.61362e-11
4.53069 0.0270518 -8.94103e-13
4.53661 0.0184119 9.62281e-11
4.53661 0.0270601 2.09699e-12
4.54253 0.0184097 -2.61059e-19
4.54253 0.0270682 -2.14884e-21
4.54845 0.0184077 2.12289e-11
4.54845 0.0270761 -1.29737e-13
4.55438 0.0184057 6.0421e-12
4.55438 0.0270838 5.53463e-20
4.5603 0.0184038 -3.016e-18
4.5603 0.0270912 -2.59135e-20
4.56622 0.0184019 -1.80672e-10
4.56622 0.0270983 -7.97776e-13
4.57214 0.0184001 -1.13022e-17
4.57214 0.0271053 1.80124e-19
4.57807 0.0183984 1.85032e-10
4.57807 0.027112 -8.2256e-13
4.58399 0.0183967 7.03181e-09
4.58399 0.0271184 -2.12122e-20
4.58991 0.0183951 -4.45765e-11
4.58991 0.0271247 -1.20966e-20
4.59583 0.0183936 2.00305e-09
4.59583 0.0271306 2.37188e-09
4.60176 0.0183921 -1.0782e-09
4.60176 0.0271363 -2.21616e-10
4.60768 0.0183907 9.3788e-18
4.60768 0.0271418 2.82025e-20
4.6136 0.0183894 1.39404e-13
4.6136 0.0271471 1.11113e-10
4.61952 0.0183881 8.14624e-11
4.61952 0.027152 1.00659e-11
4.62545 0.0183869 -4.35827e-12
4.62545 0.0271568 1.40487e-11
4.63137 0.0183858 -7.1306e-13
4.63137 0.0271613 9.84142e-12
4.63729 0.0183847 1.22122e-10
4.63729 0.0271655 5.33747e-12
4.64321 0.0183837 -7.63871e-11
4.64321 0.0271695 -2.6421e-10
4.64914 0.0183827 -2.63622e-09
4.64914 0.0271732 -7.58052e-13
4.65506 0.0183818 -2.94943e-09
4.65506 0.0271767 -6.96919e-10
4.66098 0.018381 1.22128e-10
4.66098 0.0271799 -2.73005e-11
4.6669 0.0183803 2.52674e-09
4.6669 0.0271829 -4.80005e-10
4.67283 0.0183796 5.51554e-09
4.67283 0.0271856 -1.06813e-10
4.67875 0.018379 4.80984e-10
4.67875 0.027188 1.50631e-11
4.68467 0.0183784 1.66781e-12
4.68467 0.0271902 3.09766e-19
4.69059 0.0183779 6.40885e-09
4.69059 0.0271922 2.89758e-18
4.69652 0.0183775 -7.88211e-10
4.69652 0.0271939 6.36215e-12
4.70244 0.0183771 3.68222e-09
4.70244 0.0271953 -2.84955e-10
4.70836 0.0183768 2.03051e-09
4.70836 0.0271964 3.70877e-11
4.71428 0.0183766 -8.42121e-18
4.71428 0.0271973 -9.49758e-16
4.72021 0.0183764 3.6587e-20
4.72021 0.027198 -9.44201e-17
4.72613 0.0183763 -2.97247e-10
4.72613 0.0271984 -9.4897e-19
4.73205 0.0183763 4.56123e-16
4.73205 0.0271985 3.36847e-10
