0 0.00611876 -8.14655e-21
0 0.0211597 3.3225e-09
0 0.0239304 4.06784e-16
0 0.0239951 9.27842e-08
0.00592247 0.0061196 -6.48931e-09
0.00592247 0.021159 -2.34414e-12
0.00592247 0.0239305 -1.05773e-11
0.00592247 0.0239956 -1.45076e-11
0.0118449 0.00611925 -5.77578e-11
0.0118449 0.0211567 1.72246e-13
0.0118449 0.0239309 -1.07065e-13
0.0118449 0.0239973 9.22317e-13
0.0177674 0.00611943 -3.37131e-13
0.0177674 0.0211529 1.77258e-13
0.0177674 0.0239315 -1.45774e-14
0.0177674 0.0240001 2.0584e-12
0.0236899 0.00611975 1.55131e-12
0.0236899 0.0211475 -2.94502e-14
0.0236899 0.0239322 -9.63958e-15
0.0236899 0.0240043 -3.94414e-13
0.0296123 0.00612015 2.79432e-11
0.0296123 0.0211407 3.16121e-13
0.0296123 0.0239329 1.94235e-12
0.0296123 0.0240098 -2.53398e-12
0.0355348 0.0061205 -6.44703e-13
0.0355348 0.0211324 4.78243e-11
0.0355348 0.0239335 2.56614e-12
0.0355348 0.0240168 -2.44605e-09
0.0414573 0.00612124 -8.28521e-11
0.0414573 0.0211227 2.69868e-11
0.0414573 0.0239339 7.83186e-12
0.0414573 0.0240252 -1.22139e-09
0.0473797 0.00612185 -6.26744e-11
0.0473797 0.0211116 3.71848e-11
0.0473797 0.0239341 4.24735e-10
0.0473797 0.0240352 -7.22621e-10
0.0533022 0.0061226 5.361e-11
0.0533022 0.021099 -1.48224e-11
0.0533022 0.0239341 -2.18588e-10
0.0533022 0.0240467 1.56758e-10
0.0592247 0.00612341 -4.01114e-10
0.0592247 0.0210852 1.26649e-10
0.0592247 0.0239337 2.95584e-10
0.0592247 0.0240596 -4.32972e-10
0.0651471 0.00612444 -1.24571e-11
0.0651471 0.02107 4.43245e-15
0.0651471 0.0239332 -2.75201e-12
0.0651471 0.0240739 -1.80087e-13
0.0710696 0.00612525 -5.14997e-19
0.0710696 0.0210535 -1.48235e-17
0.0710696 0.0239324 1.83791e-11
0.0710696 0.0240896 -1.83791e-11
0.0769921 0.00612701 4.68475e-13
0.0769921 0.0210359 8.40369e-16
0.0769921 0.0239314 -1.27062e-15
0.0769921 0.0241066 8.56086e-15
0.0829145 0.0061278 -1.60404e-12
0.0829145 0.021017 -5.71712e-15
0.0829145 0.0239302 1.91007e-13
0.0829145 0.0241249 -1.87304e-13
0.088837 0.00612999 6.41777e-11
0.088837 0.020997 5.43485e-12
0.088837 0.0239288 -1.72639e-10
0.088837 0.0241443 2.09917e-10
0.0947595 0.00613125 -1.23057e-22
0.0947595 0.020976 -2.50276e-24
0.0947595 0.0239272 -1.89063e-24
0.0947595 0.0241649 -1.06899e-23
0.100682 0.00613287 4.5653e-18
0.100682 0.0209538 1.80061e-19
0.100682 0.0239254 -1.37867e-16
0.100682 0.0241866 2.96828e-17
0.106604 0.00613443 5.31951e-09
0.106604 0.0209307 -4.14258e-12
0.106604 0.0239235 2.24503e-11
0.106604 0.0242093 -5.28282e-11
0.112527 0.00613676 -4.7659e-13
0.112527 0.0209066 5.38238e-16
0.112527 0.0239214 2.1868e-15
0.112527 0.024233 -5.03897e-16
0.118449 0.00613803 -2.83857e-12
0.118449 0.0208816 3.70264e-13
0.118449 0.0239192 -2.25156e-10
0.118449 0.0242576 6.72184e-11
0.124372 0.00614124 3.94892e-16
0.124372 0.0208557 -1.00749e-18
0.124372 0.0239168 2.79644e-16
0.124372 0.0242831 -2.34915e-17
0.130294 0.0061429 -2.37728e-08
0.130294 0.020829 -1.37396e-11
0.130294 0.0239143 -2.8118e-10
0.130294 0.0243094 -2.30824e-10
0.136217 0.00614557 -3.79435e-09
0.136217 0.0208015 1.09408e-10
0.136217 0.0239117 -9.23166e-12
0.136217 0.0243366 -1.70575e-12
0.142139 0.00614803 -2.79994e-09
0.142139 0.0207733 -1.12142e-13
0.142139 0.0239089 5.43482e-12
0.142139 0.0243645 1.73901e-12
0.148062 0.00614882 -6.74653e-09
0.148062 0.0207443 1.28351e-11
0.148062 0.023906 1.52873e-12
0.148062 0.024393 6.28373e-11
0.153984 0.00615228 -2.77897e-09
0.153984 0.0207146 1.37801e-12
0.153984 0.023903 -5.65636e-11
0.153984 0.0244223 1.84299e-11
0.159907 0.00615436 2.74572e-22
0.159907 0.0206843 -1.27531e-23
0.159907 0.0238998 -7.26142e-23
0.159907 0.0244522 -1.87278e-23
0.165829 0.00615709 -1.4822e-22
0.165829 0.0206534 1.11654e-22
0.165829 0.0238965 -6.12585e-23
0.165829 0.0244827 -1.36548e-22
0.171752 0.00615891 -3.98792e-22
0.171752 0.0206219 -1.24167e-22
0.171752 0.0238931 1.77887e-22
0.171752 0.0245137 -4.31682e-22
0.177674 0.00616287 1.12275e-09
0.177674 0.0205899 -1.57172e-12
0.177674 0.0238896 -3.81968e-11
0.177674 0.0245453 -7.68205e-13
0.183596 0.00616462 1.82131e-17
0.183596 0.0205573 -4.9381e-11
0.183596 0.0238859 -2.24327e-10
0.183596 0.0245774 1.27108e-09
0.189519 0.00616763 1.46488e-20
0.189519 0.0205242 -2.71355e-13
0.189519 0.0238822 -1.0258e-10
0.189519 0.0246099 -7.53384e-12
0.195441 0.00617073 -3.33488e-13
0.195441 0.0204907 7.40361e-13
0.195441 0.0238783 1.42249e-14
0.195441 0.0246429 -4.70367e-13
0.201364 0.00617494 6.7039e-22
0.201364 0.0204567 -1.48697e-23
0.201364 0.0238743 5.53666e-24
0.201364 0.0246763 -3.93553e-23
0.207286 0.00617819 5.27847e-22
0.207286 0.0204223 -1.09414e-23
0.207286 0.0238702 -2.98682e-22
0.207286 0.0247101 -1.47158e-23
0.213209 0.0061806 2.05553e-23
0.213209 0.0203874 -2.69912e-24
0.213209 0.023866 7.32419e-24
0.213209 0.0247443 1.3987e-23
0.219131 0.00618512 9.10667e-22
0.219131 0.0203523 -1.12527e-23
0.219131 0.0238616 2.51381e-23
0.219131 0.0247787 -9.32397e-24
0.225054 0.00618765 3.62369e-24
0.225054 0.0203167 -1.08543e-23
0.225054 0.0238572 -9.44296e-24
0.225054 0.0248136 1.38945e-23
0.230976 0.00619132 4.07989e-11
0.230976 0.0202808 3.99813e-13
0.230976 0.0238527 4.46006e-12
0.230976 0.0248487 7.82018e-13
0.236899 0.00619508 5.93406e-13
0.236899 0.0202446 3.09221e-13
0.236899 0.023848 -1.53425e-13
0.236899 0.024884 1.32439e-13
0.242821 0.00619893 7.35216e-11
0.242821 0.0202081 -1.10387e-12
0.242821 0.0238433 -7.6006e-13
0.242821 0.0249197 9.61139e-14
0.248744 0.00620289 5.40981e-11
0.248744 0.0201713 -5.19809e-12
0.248744 0.0238384 -3.3697e-12
0.248744 0.0249555 2.81414e-12
0.254666 0.00620693 9.75172e-23
0.254666 0.0201342 2.02119e-23
0.254666 0.0238334 1.38967e-24
0.254666 0.0249916 -1.95825e-23
0.260589 0.00621107 2.57111e-23
0.260589 0.0200969 -2.08678e-24
0.260589 0.0238284 -2.45555e-24
0.260589 0.0250279 4.14254e-24
0.266511 0.00621531 -2.6524e-12
0.266511 0.0200594 7.54392e-13
0.266511 0.0238232 -2.45142e-13
0.266511 0.0250643 -1.06185e-12
0.272433 0.00621964 -8.56817e-14
0.272433 0.0200216 -3.86149e-13
0.272433 0.023818 3.02575e-14
0.272433 0.025101 4.49193e-13
0.278356 0.00622407 -1.36288e-11
0.278356 0.0199836 7.27123e-12
0.278356 0.0238126 5.39214e-12
0.278356 0.0251377 -3.49533e-12
0.284278 0.00622875 -5.30455e-11
0.284278 0.0199454 4.94885e-13
0.284278 0.0238072 3.44362e-12
0.284278 0.0251746 1.28805e-12
0.290201 0.00623326 -3.31559e-10
0.290201 0.0199069 5.42749e-12
0.290201 0.0238016 -6.05853e-12
0.290201 0.0252117 8.99119e-12
0.296123 0.0062379 1.97317e-21
0.296123 0.0198684 2.37694e-15
0.296123 0.023796 -9.15141e-12
0.296123 0.0252488 9.09783e-13
0.302046 0.0062427 7.01319e-12
0.302046 0.0198401 -1.73117e-07
0.302046 0.0237924 -1.14972e-08
0.302046 0.0252726 1.95881e-07
0.307968 0.00624796 -4.90791e-22
0.307968 0.0197907 2.46076e-23
0.307968 0.0237844 -3.22842e-23
0.307968 0.0253233 3.83803e-23
0.313891 0.00625258 -3.33077e-11
0.313891 0.0197516 1.91152e-09
0.313891 0.0237785 7.15248e-11
0.313891 0.0253607 -1.96177e-09
0.319813 0.00625767 -6.72911e-11
0.319813 0.0197124 1.23475e-10
0.319813 0.0237726 9.63146e-12
0.319813 0.0253982 -1.26492e-10
0.325736 0.00626284 -2.48883e-12
0.325736 0.0196723 1.09102e-08
0.325736 0.0237665 1.69355e-10
0.325736 0.0254364 -1.12008e-08
0.331658 0.00626811 -4.65648e-11
0.331658 0.0196335 -1.714e-10
0.331658 0.0237603 -8.26855e-11
0.331658 0.0254731 -6.95142e-10
0.337581 0.00627347 -8.95516e-24
0.337581 0.019594 5.9473e-23
0.337581 0.0237541 -6.68432e-23
0.337581 0.0255107 -5.17107e-23
0.343503 0.00627936 -1.79307e-13
0.343503 0.0195542 5.81733e-14
0.343503 0.0237477 -2.19349e-15
0.343503 0.0255482 5.65131e-14
0.349426 0.00628448 9.79176e-11
0.349426 0.0195144 -8.2686e-11
0.349426 0.0237413 2.49401e-12
0.349426 0.0255857 9.95647e-11
0.355348 0.00629012 5.38946e-26
0.355348 0.0194745 -3.35153e-24
0.355348 0.0237348 -9.52957e-24
0.355348 0.0256232 5.83682e-23
0.36127 0.00629587 8.6143e-18
0.36127 0.0194368 1.92167e-10
0.36127 0.0237286 1.17703e-11
0.36127 0.0256586 -1.6459e-10
0.367193 0.0063017 -8.59063e-13
0.367193 0.0193944 6.76384e-13
0.367193 0.0237216 -1.16158e-10
0.367193 0.0256982 3.50214e-13
0.373115 0.00630762 8.79673e-25
0.373115 0.0193542 -8.59648e-25
0.373115 0.0237149 5.02947e-22
0.373115 0.0257356 -9.53502e-24
0.379038 0.00631364 2.15566e-23
0.379038 0.0193139 -7.97287e-24
0.379038 0.0237081 -2.64583e-23
0.379038 0.025773 -3.51907e-24
0.38496 0.00631978 -8.91116e-12
0.38496 0.0192736 3.11958e-12
0.38496 0.0237013 6.5732e-11
0.38496 0.0258103 3.21582e-12
0.390883 0.00632598 -4.5277e-23
0.390883 0.0192332 6.61898e-24
0.390883 0.0236943 -1.12028e-23
0.390883 0.0258476 1.0321e-23
0.396805 0.00633225 -2.15046e-23
0.396805 0.0191928 6.76863e-22
0.396805 0.0236873 -2.06414e-23
0.396805 0.0258847 3.31949e-21
0.402728 0.00633864 -8.98518e-12
0.402728 0.0191523 6.72741e-10
0.402728 0.0236802 9.61776e-13
0.402728 0.0259218 8.68919e-12
0.40865 0.00634512 -6.97801e-10
0.40865 0.0191117 1.05005e-10
0.40865 0.0236731 4.23765e-12
0.40865 0.0259587 -5.44037e-11
0.414573 0.00635169 -4.1435e-21
0.414573 0.0190711 3.51179e-21
0.414573 0.0236659 7.69146e-22
0.414573 0.0259956 -7.93281e-22
0.420495 0.00635838 4.65967e-12
0.420495 0.0190304 -9.3425e-13
0.420495 0.0236586 1.29914e-11
0.420495 0.0260323 -9.09609e-13
0.426418 0.00636512 -4.76895e-12
0.426418 0.0189898 4.72856e-11
0.426418 0.0236513 -4.40281e-12
0.426418 0.0260689 -4.28358e-11
0.43234 0.00637203 -1.40746e-24
0.43234 0.018949 -1.14242e-24
0.43234 0.0236439 -5.2178e-23
0.43234 0.0261054 9.98536e-25
0.438263 0.00637891 -1.47665e-17
0.438263 0.0189098 -7.663e-11
0.438263 0.0236372 -4.41631e-11
0.438263 0.02614 9.49065e-11
0.444185 0.00638594 1.0873e-12
0.444185 0.0188675 7.6809e-14
0.444185 0.0236289 -8.15127e-14
0.444185 0.0261779 6.43537e-15
0.450107 0.00639307 -3.94844e-25
0.450107 0.0188267 1.66838e-25
0.450107 0.0236213 -2.0012e-22
0.450107 0.0262139 1.14298e-24
0.45603 0.00640029 -2.2805e-13
0.45603 0.0187859 1.56952e-13
0.45603 0.0236137 -4.98797e-11
0.45603 0.0262497 7.73387e-13
0.461952 0.00640761 -4.11804e-14
0.461952 0.018745 1.74556e-14
0.461952 0.023606 2.9769e-14
0.461952 0.0262854 -3.47637e-15
0.467875 0.00641501 1.12741e-12
0.467875 0.0187041 -8.8042e-13
0.467875 0.0235983 -5.81955e-12
0.467875 0.0263208 2.96113e-12
0.473797 0.0064225 -2.30841e-14
0.473797 0.0186633 7.2e-15
0.473797 0.0235905 7.17754e-13
0.473797 0.0263561 -4.99165e-13
0.47972 0.0064301 6.29168e-18
0.47972 0.0186224 -2.27146e-18
0.47972 0.0235827 -1.78732e-18
0.47972 0.0263912 -1.09959e-18
0.485642 0.00643777 -5.55483e-17
0.485642 0.0185815 2.55691e-17
0.485642 0.0235748 1.16986e-16
0.485642 0.026426 -3.61658e-17
0.491565 0.00644553 -7.02652e-11
0.491565 0.018541 1.79131e-09
0.491565 0.0235671 3.11539e-09
0.491565 0.0264601 -1.1776e-09
0.497487 0.00645339 -5.08232e-13
0.497487 0.0184997 9.43693e-14
0.497487 0.0235589 4.2075e-12
0.497487 0.026495 -1.56829e-12
0.50341 0.00646135 -3.82901e-24
0.50341 0.0184588 1.92833e-24
0.50341 0.0235508 -1.0968e-23
0.50341 0.0265292 1.17631e-23
0.509332 0.00646938 3.024e-16
0.509332 0.0184182 4.46789e-14
0.509332 0.0235429 8.50791e-15
0.509332 0.0265629 -3.33803e-15
0.515255 0.00647751 -3.30943e-25
0.515255 0.018377 -1.0962e-24
0.515255 0.0235346 2.34084e-23
0.515255 0.0265967 8.13211e-24
0.521177 0.00648574 -6.06786e-15
0.521177 0.0183361 3.84064e-15
0.521177 0.0235265 -2.10176e-14
0.521177 0.0266301 8.11711e-18
0.5271 0.00649405 1.36126e-24
0.5271 0.0182952 8.96038e-25
0.5271 0.0235183 -2.73078e-23
0.5271 0.0266632 1.71118e-23
0.533022 0.00650246 -8.27807e-24
0.533022 0.0182543 4.92256e-24
0.533022 0.0235101 4.52319e-23
0.533022 0.026696 5.00112e-24
0.538944 0.00651101 1.27898e-23
0.538944 0.0182135 -2.76894e-23
0.538944 0.0235018 -1.08147e-23
0.538944 0.0267286 2.28937e-23
0.544867 0.00651953 4.41965e-23
0.544867 0.0181727 -2.42168e-23
0.544867 0.0234935 -3.99628e-23
0.544867 0.0267608 -6.14627e-24
0.550789 0.00652823 4.36414e-24
0.550789 0.0181319 -8.96813e-22
0.550789 0.0234854 -3.75406e-21
0.550789 0.0267929 5.60814e-21
0.556712 0.00653697 5.56118e-25
0.556712 0.018091 -5.97276e-25
0.556712 0.0234768 -4.82889e-23
0.556712 0.0268244 3.87227e-24
0.562634 0.00654581 -5.09441e-24
0.562634 0.0180508 4.6763e-22
0.562634 0.0234697 -2.53735e-20
0.562634 0.0268555 2.24734e-20
0.568557 0.00655476 -5.70769e-25
0.568557 0.0180095 7.4576e-22
0.568557 0.0234605 -1.1259e-20
0.568557 0.0268864 1.10115e-20
0.574479 0.00656379 -2.9778e-24
0.574479 0.0179689 4.67065e-22
0.574479 0.0234526 -1.99921e-20
0.574479 0.0269168 2.00594e-20
0.580402 0.00657291 -4.82896e-13
0.580402 0.017928 4.40708e-13
0.580402 0.023443 -7.1598e-14
0.580402 0.0269476 2.5193e-13
0.586324 0.00658212 4.05089e-13
0.586324 0.0178873 -2.37094e-13
0.586324 0.0234345 1.29952e-15
0.586324 0.0269776 -1.17984e-13
0.592247 0.00659142 2.17325e-11
0.592247 0.0178466 -1.54618e-11
0.592247 0.0234259 4.33251e-13
0.592247 0.0270072 -4.90738e-12
0.598169 0.00660082 -9.37834e-11
0.598169 0.0178061 -2.42761e-10
0.598169 0.0234178 -4.5978e-10
0.598169 0.0270362 -1.68533e-10
0.604092 0.00661027 -2.04737e-13
0.604092 0.0177655 -3.5302e-12
0.604092 0.0234094 -4.30185e-12
0.604092 0.0270651 -6.97669e-12
0.610014 0.00661983 -8.22973e-13
0.610014 0.0177249 1.70035e-13
0.610014 0.0234002 8.30092e-12
0.610014 0.0270938 1.29103e-13
0.615937 0.00662948 6.11945e-25
0.615937 0.0176843 -7.08048e-24
0.615937 0.0233915 -9.74194e-23
0.615937 0.0271219 -7.00658e-23
0.621859 0.00663923 1.92035e-11
0.621859 0.0176438 -1.33831e-11
0.621859 0.0233822 -1.58859e-09
0.621859 0.0271496 2.29129e-11
0.627781 0.00664908 -1.32031e-10
0.627781 0.0176034 7.19752e-11
0.627781 0.0233735 -1.04522e-09
0.627781 0.0271769 2.08368e-11
0.633704 0.00665895 -1.50251e-11
0.633704 0.017563 1.4179e-11
0.633704 0.0233655 1.76239e-11
0.633704 0.0272039 2.23704e-12
0.639626 0.00666896 9.08984e-11
0.639626 0.0175226 -7.79293e-11
0.639626 0.0233568 -3.60758e-12
0.639626 0.0272304 -1.09129e-11
0.645549 0.00667904 -8.68947e-12
0.645549 0.0174822 9.59299e-12
0.645549 0.0233481 2.25908e-12
0.645549 0.0272565 -4.48946e-13
0.651471 0.00668921 1.20323e-11
0.651471 0.017442 -5.75912e-12
0.651471 0.0233394 -2.37516e-13
0.651471 0.0272822 -4.91217e-12
0.657394 0.00669949 1.17986e-22
0.657394 0.0174018 4.41769e-22
0.657394 0.023331 -5.85776e-21
0.657394 0.0273073 7.69772e-21
0.663316 0.00670995 -2.47147e-23
0.663316 0.0173614 -2.55059e-24
0.663316 0.0233219 -1.49171e-24
0.663316 0.0273322 1.11376e-23
0.669239 0.00672026 5.011e-23
0.669239 0.0173216 1.61534e-21
0.669239 0.0233132 -1.54854e-21
0.669239 0.0273564 1.73389e-22
0.675161 0.00673082 1.38756e-22
0.675161 0.0172812 -4.90737e-23
0.675161 0.0233044 -5.72281e-25
0.675161 0.0273806 -5.157e-23
0.681084 0.00674137 -2.71717e-24
0.681084 0.0172412 1.05465e-24
0.681084 0.0232956 1.26497e-23
0.681084 0.0274041 -1.94095e-26
0.687006 0.00675206 -4.06492e-24
0.687006 0.0172011 4.03043e-24
0.687006 0.0232868 -6.64317e-24
0.687006 0.0274272 8.59382e-24
0.692929 0.00676283 -6.69964e-24
0.692929 0.0171612 6.20894e-24
0.692929 0.023278 -5.74199e-24
0.692929 0.0274498 2.61591e-24
0.698851 0.00677369 -2.59561e-24
0.698851 0.0171213 2.489e-24
0.698851 0.0232692 -2.68553e-24
0.698851 0.027472 3.67557e-24
0.704774 0.00678464 -6.46044e-14
0.704774 0.0170814 3.75609e-16
0.704774 0.0232604 -9.628e-12
0.704774 0.0274938 7.26336e-12
0.710696 0.00679567 -2.65296e-24
0.710696 0.0170416 5.80773e-22
0.710696 0.0232514 3.94401e-21
0.710696 0.0275152 -4.64834e-21
0.716618 0.00680678 -4.57455e-24
0.716618 0.0170019 1.3265e-21
0.716618 0.0232425 4.94733e-21
0.716618 0.0275359 -7.15968e-21
0.722541 0.00681798 -3.6054e-24
0.722541 0.0169621 3.00429e-24
0.722541 0.023234 -4.37725e-24
0.722541 0.0275562 4.60647e-24
0.728463 0.00682926 -1.85503e-12
0.728463 0.0169227 4.11565e-10
0.728463 0.0232249 -7.86405e-10
0.728463 0.0275759 -3.55329e-10
0.734386 0.00684063 1.35137e-15
0.734386 0.0168829 5.17328e-15
0.734386 0.0232165 1.64867e-15
0.734386 0.0275955 -1.29596e-15
0.740308 0.0068521 -2.4686e-10
0.740308 0.0168434 2.2598e-10
0.740308 0.0232077 1.02965e-11
0.740308 0.0276145 1.93818e-11
0.746231 0.00686359 1.50764e-11
0.746231 0.0168039 -1.58814e-11
0.746231 0.0231989 3.12384e-11
0.746231 0.027633 -2.17404e-11
0.752153 0.00687521 6.58445e-13
0.752153 0.0167645 -9.60643e-13
0.752153 0.0231901 -1.94016e-13
0.752153 0.0276511 1.35919e-13
0.758076 0.00688691 8.89451e-13
0.758076 0.0167252 -1.971e-11
0.758076 0.0231813 8.92675e-11
0.758076 0.0276686 -4.92319e-12
0.763998 0.00689868 8.18459e-17
0.763998 0.0166859 -1.06039e-16
0.763998 0.0231715 2.19138e-13
0.763998 0.0276857 1.04635e-15
0.769921 0.00691054 1.28455e-14
0.769921 0.0166467 -3.3699e-12
0.769921 0.0231638 2.46721e-10
0.769921 0.0277025 -1.36832e-10
0.775843 0.00692248 -8.40726e-14
0.775843 0.0166075 1.12629e-13
0.775843 0.023155 -7.87972e-14
0.775843 0.0277186 4.26329e-14
0.781766 0.0069345 -9.49476e-12
0.781766 0.0165684 1.34696e-11
0.781766 0.0231463 -6.62391e-13
0.781766 0.0277344 -3.78784e-12
0.787688 0.0069466 -3.39663e-11
0.787688 0.0165294 3.38941e-11
0.787688 0.0231376 -1.19573e-12
0.787688 0.0277497 -1.07407e-13
0.793611 0.00695879 -7.59699e-12
0.793611 0.0164904 7.85896e-12
0.793611 0.0231289 -8.01133e-15
0.793611 0.0277645 -1.37939e-13
0.799533 0.00697104 -3.35893e-14
0.799533 0.0164516 1.07525e-11
0.799533 0.0231201 -3.7474e-12
0.799533 0.0277789 -2.43426e-11
0.805455 0.00698338 -5.86132e-11
0.805455 0.0164128 5.69532e-11
0.805455 0.0231115 4.04192e-12
0.805455 0.0277928 1.46897e-12
0.811378 0.00699581 1.29505e-12
0.811378 0.016374 2.56744e-11
0.811378 0.0231028 6.20992e-14
0.811378 0.0278063 -6.21047e-13
0.8173 0.00700831 7.66149e-12
0.8173 0.0163353 1.57452e-11
0.8173 0.0230941 -4.76083e-13
0.8173 0.0278194 2.60848e-12
0.823223 0.00702088 -2.62112e-14
0.823223 0.0162968 -3.99258e-13
0.823223 0.0230854 -9.33603e-13
0.823223 0.027832 1.32144e-12
0.829145 0.00703353 1.23296e-10
0.829145 0.0162582 -1.33899e-10
0.829145 0.0230769 7.02878e-11
0.829145 0.0278442 -3.7431e-10
0.835068 0.00704627 1.34263e-11
0.835068 0.0162197 -1.59265e-11
0.835068 0.0230683 5.37128e-15
0.835068 0.0278559 2.3207e-12
0.84099 0.00705912 -7.56667e-23
0.84099 0.0161812 2.24414e-22
0.84099 0.0230597 -1.63542e-23
0.84099 0.0278673 -1.27292e-22
0.846913 0.00707197 2.82594e-11
0.846913 0.016143 -3.17273e-11
0.846913 0.0230511 1.20903e-10
0.846913 0.0278782 -1.78366e-11
0.852835 0.00708494 -4.37418e-14
0.852835 0.0161048 -1.99321e-11
0.852835 0.0230424 -1.02186e-10
0.852835 0.0278887 5.2064e-11
0.858758 0.00709798 -1.21753e-10
0.858758 0.0160666 1.40379e-10
0.858758 0.0230341 -4.735e-13
0.858758 0.0278987 -1.78224e-11
0.86468 0.0071111 4.92596e-12
0.86468 0.0160285 -1.07326e-11
0.86468 0.0230255 5.00541e-11
0.86468 0.0279084 -1.80024e-11
0.870603 0.00712429 9.91897e-12
0.870603 0.0159905 3.98055e-10
0.870603 0.0230171 6.94466e-11
0.870603 0.0279177 -4.83111e-10
0.876525 0.00713756 -6.48919e-11
0.876525 0.0159526 4.27567e-11
0.876525 0.0230086 -1.44328e-09
0.876525 0.0279266 5.75548e-10
0.882448 0.00715092 6.05045e-16
0.882448 0.0159148 -1.00898e-15
0.882448 0.0230002 2.6405e-16
0.882448 0.0279351 -4.20683e-16
0.88837 0.00716434 2.3113e-14
0.88837 0.015877 -5.58852e-13
0.88837 0.022992 8.74526e-13
0.88837 0.0279431 -2.43726e-13
0.894292 0.00717782 -5.81971e-18
0.894292 0.0158392 1.70328e-15
0.894292 0.0229837 -5.42123e-16
0.894292 0.0279509 -2.0216e-15
0.900215 0.00719137 -9.63958e-13
0.900215 0.0158017 9.53777e-13
0.900215 0.0229751 3.72018e-13
0.900215 0.0279584 -3.59177e-13
0.906137 0.00720503 6.04275e-16
0.906137 0.0157643 1.05425e-15
0.906137 0.0229669 -1.23684e-15
0.906137 0.0279653 -9.25389e-16
0.91206 0.0072187 2.59445e-17
0.91206 0.0157268 -1.73451e-17
0.91206 0.0229585 3.28689e-16
0.91206 0.027972 -1.72943e-16
0.917982 0.00723248 1.42272e-14
0.917982 0.0156895 5.48828e-11
0.917982 0.0229502 -3.97374e-10
0.917982 0.0279783 6.91421e-10
0.923905 0.00724633 1.09884e-13
0.923905 0.0156522 -8.37183e-14
0.923905 0.022942 -2.75181e-12
0.923905 0.0279843 1.32352e-12
0.929827 0.00726038 9.0476e-18
0.929827 0.0156149 -3.31095e-17
0.929827 0.0229338 -2.56326e-21
0.929827 0.02799 -6.25619e-20
0.93575 0.00727428 1.09419e-17
0.93575 0.0155779 -1.75236e-18
0.93575 0.0229256 -2.71672e-17
0.93575 0.0279953 1.2187e-17
0.941672 0.00728829 -7.57036e-20
0.941672 0.015541 -1.01988e-16
0.941672 0.0229175 3.00578e-18
0.941672 0.0280003 -1.44917e-18
0.947595 0.00730242 -5.99378e-19
0.947595 0.0155041 1.87766e-15
0.947595 0.0229094 5.45926e-18
0.947595 0.0280049 -5.98836e-18
0.953517 0.00731661 6.08976e-12
0.953517 0.0154673 4.16828e-12
0.953517 0.0229014 -1.25951e-10
0.953517 0.0280093 1.47859e-10
0.95944 0.00733088 -3.68497e-23
0.95944 0.0154305 3.0188e-23
0.95944 0.0228934 -5.57971e-22
0.95944 0.0280134 1.74296e-22
0.965362 0.0073452 5.11972e-25
0.965362 0.0153939 3.88774e-25
0.965362 0.0228853 -1.18482e-21
0.965362 0.0280172 1.34546e-22
0.971285 0.00735959 -7.67303e-11
0.971285 0.0153574 -5.37276e-12
0.971285 0.0228774 1.38696e-09
0.971285 0.0280206 7.53283e-10
0.977207 0.00737405 -2.48785e-23
0.977207 0.015321 6.01941e-22
0.977207 0.0228695 -4.56227e-22
0.977207 0.0280239 2.12707e-24
0.983129 0.00738857 3.183e-15
0.983129 0.0152846 -4.25064e-15
0.983129 0.0228616 4.16583e-13
0.983129 0.0280268 -7.97704e-13
0.989052 0.00740316 -1.61966e-17
0.989052 0.0152484 -2.50892e-19
0.989052 0.0228537 6.88052e-14
0.989052 0.0280295 -1.23404e-14
0.994974 0.00741782 1.7275e-16
0.994974 0.0152122 -1.913e-16
0.994974 0.022846 -3.02509e-16
0.994974 0.0280319 8.46667e-17
1.0009 0.00743252 -4.48419e-20
1.0009 0.0151762 1.98708e-17
1.0009 0.0228382 -1.19491e-14
1.0009 0.028034 1.17518e-15
1.00682 0.0074473 9.02676e-15
1.00682 0.0151403 4.01025e-13
1.00682 0.0228305 1.03918e-13
1.00682 0.028036 -1.3435e-14
1.01274 0.00746213 1.84124e-15
1.01274 0.0151044 -9.1673e-16
1.01274 0.0228228 3.18647e-15
1.01274 0.0280377 2.36339e-14
1.01866 0.00747703 -6.87976e-11
1.01866 0.0150687 6.52e-11
1.01866 0.0228152 1.66369e-09
1.01866 0.0280391 4.76987e-10
1.02459 0.00749198 -3.40741e-12
1.02459 0.0150331 -6.61995e-10
1.02459 0.0228076 4.35204e-10
1.02459 0.0280403 -8.11746e-12
1.03051 0.00750699 1.2096e-16
1.03051 0.0149975 2.42889e-14
1.03051 0.0228 -5.1503e-11
1.03051 0.0280413 2.0913e-11
1.03643 0.00752206 1.33158e-15
1.03643 0.0149621 2.8212e-13
1.03643 0.0227925 1.64697e-13
1.03643 0.0280421 -6.52636e-13
1.04235 0.00753719 5.9709e-18
1.04235 0.0149268 4.56244e-15
1.04235 0.022785 9.93866e-19
1.04235 0.0280427 3.27308e-17
1.04828 0.00755237 1.50922e-12
1.04828 0.0148916 -8.30365e-11
1.04828 0.0227776 -5.98699e-14
1.04828 0.0280431 6.69649e-15
1.0542 0.00756761 8.64047e-12
1.0542 0.0148565 -1.46506e-10
1.0542 0.0227702 -1.3854e-11
1.0542 0.0280433 6.97693e-12
1.06012 0.0075829 5.03126e-14
1.06012 0.0148215 -1.83811e-12
1.06012 0.0227629 3.38743e-09
1.06012 0.0280434 -2.38965e-09
1.06604 0.00759824 -2.03599e-11
1.06604 0.0147866 3.29891e-11
1.06604 0.0227556 1.49168e-09
1.06604 0.0280432 -4.38496e-10
1.07197 0.00761364 6.6011e-15
1.07197 0.0147519 -1.92181e-14
1.07197 0.0227484 -1.27627e-13
1.07197 0.0280429 9.73547e-14
1.07789 0.00762909 -1.50426e-24
1.07789 0.0147172 -2.95135e-23
1.07789 0.0227412 -1.64784e-23
1.07789 0.0280423 -5.52265e-21
1.08381 0.00764459 5.53273e-23
1.08381 0.0146827 -5.518e-23
1.08381 0.022734 -2.63164e-23
1.08381 0.0280417 -6.12609e-24
1.08973 0.00766013 -1.83192e-25
1.08973 0.0146483 -2.10682e-25
1.08973 0.0227269 -6.07114e-23
1.08973 0.0280409 4.81371e-23
1.09566 0.00767572 -3.10304e-14
1.09566 0.014614 1.18046e-12
1.09566 0.0227199 -1.0789e-11
1.09566 0.0280399 -6.66632e-12
1.10158 0.00769136 -1.9619e-15
1.10158 0.0145798 -8.28829e-12
1.10158 0.0227129 -1.01557e-11
1.10158 0.0280388 -2.28553e-12
1.1075 0.00770705 1.45264e-23
1.1075 0.0145458 -8.20083e-22
1.1075 0.0227059 -5.94318e-21
1.1075 0.0280375 5.89231e-21
1.11342 0.00772278 5.69831e-15
1.11342 0.0145118 2.50287e-15
1.11342 0.022699 -2.13492e-11
1.11342 0.0280362 1.45268e-12
1.11935 0.00773855 -1.33555e-20
1.11935 0.014478 1.5305e-20
1.11935 0.0226922 -1.32334e-18
1.11935 0.0280346 9.33859e-19
1.12527 0.00775436 4.6532e-16
1.12527 0.0144444 5.85175e-13
1.12527 0.0226854 -4.37627e-09
1.12527 0.028033 1.13442e-09
1.13119 0.00777021 -6.47433e-16
1.13119 0.0144108 -2.79731e-15
1.13119 0.0226786 2.77963e-14
1.13119 0.0280313 6.97207e-16
1.13711 0.00778611 -1.55508e-13
1.13711 0.0143774 2.14978e-11
1.13711 0.022672 -1.52655e-09
1.13711 0.0280293 8.03087e-09
1.14304 0.00780204 -6.44804e-11
1.14304 0.0143441 -2.74107e-09
1.14304 0.0226653 -3.38624e-09
1.14304 0.0280274 2.72808e-09
1.14896 0.007818 -2.04442e-23
1.14896 0.0143109 -7.11155e-23
1.14896 0.0226587 -3.96196e-22
1.14896 0.0280253 -6.23146e-22
1.15488 0.007834 -1.93932e-25
1.15488 0.0142779 3.96633e-24
1.15488 0.0226522 1.34407e-22
1.15488 0.0280232 6.96776e-24
1.1608 0.00785004 -6.29244e-11
1.1608 0.014245 -1.31213e-12
1.1608 0.0226457 -1.80471e-13
1.1608 0.0280209 1.97714e-13
1.16673 0.0078661 -5.12968e-12
1.16673 0.0142122 2.42178e-13
1.16673 0.0226393 1.3182e-10
1.16673 0.0280185 2.24205e-10
1.17265 0.0078822 -5.69404e-14
1.17265 0.0141796 -1.27569e-13
1.17265 0.0226329 2.22312e-09
1.17265 0.0280161 -2.06224e-09
1.17857 0.00789832 1.462e-14
1.17857 0.0141471 -1.24555e-12
1.17857 0.0226266 -4.97566e-13
1.17857 0.0280136 5.05712e-13
1.18449 0.00791447 -2.53924e-12
1.18449 0.0141148 7.03816e-10
1.18449 0.0226203 -8.56811e-11
1.18449 0.0280109 9.27128e-10
1.19042 0.00793065 -1.51254e-17
1.19042 0.0140826 3.46297e-16
1.19042 0.0226141 -1.54617e-15
1.19042 0.0280083 1.94934e-15
1.19634 0.00794685 -1.99192e-11
1.19634 0.0140506 -6.81735e-13
1.19634 0.022608 4.10625e-10
1.19634 0.0280055 -5.26558e-11
1.20226 0.00796307 -5.79579e-24
1.20226 0.0140187 6.73235e-24
1.20226 0.0226019 -1.05548e-22
1.20226 0.0280027 1.22136e-22
1.20818 0.00797931 -3.27223e-24
1.20818 0.0139869 4.76987e-23
1.20818 0.0225958 -3.28285e-24
1.20818 0.0279999 -4.6792e-23
1.21411 0.00799557 -1.52215e-12
1.21411 0.0139553 2.09594e-12
1.21411 0.0225899 -1.81889e-12
1.21411 0.0279969 1.46355e-12
1.22003 0.00801184 1.53917e-23
1.22003 0.0139239 -4.33894e-24
1.22003 0.022584 6.91415e-24
1.22003 0.027994 -2.47443e-23
1.22595 0.00802813 -3.74627e-11
1.22595 0.0138926 -1.30864e-11
1.22595 0.0225781 7.55128e-10
1.22595 0.0279909 9.35114e-11
1.23187 0.00804443 -1.56873e-14
1.23187 0.0138615 -2.14909e-11
1.23187 0.0225723 -6.04868e-13
1.23187 0.0279879 5.43583e-13
1.2378 0.00806074 1.10199e-14
1.2378 0.0138305 4.34802e-10
1.2378 0.0225665 3.3268e-09
1.2378 0.0279847 4.5619e-10
1.24372 0.00807705 9.85074e-12
1.24372 0.0137997 -1.15821e-11
1.24372 0.0225608 -8.90629e-12
1.24372 0.0279814 7.01256e-11
1.24964 0.00809337 5.87189e-14
1.24964 0.0137691 2.52133e-11
1.24964 0.0225552 -1.24184e-10
1.24964 0.0279784 1.09718e-10
1.25556 0.00810968 -1.37006e-11
1.25556 0.0137386 1.39782e-11
1.25556 0.022549 4.24248e-11
1.25556 0.0279758 -5.99225e-11
1.26149 0.00812602 -6.14691e-14
1.26149 0.0137083 1.81978e-12
1.26149 0.0225442 2.71955e-12
1.26149 0.0279719 -4.34123e-13
1.26741 0.00814234 -6.06675e-23
1.26741 0.0136782 1.90388e-21
1.26741 0.0225387 1.65467e-21
1.26741 0.0279687 -2.8288e-21
1.27333 0.00815865 -2.27908e-23
1.27333 0.0136483 1.02062e-22
1.27333 0.0225334 -1.60282e-22
1.27333 0.0279653 -3.58825e-23
1.27925 0.00817495 4.42744e-16
1.27925 0.0136185 -2.77845e-15
1.27925 0.022528 -1.60873e-14
1.27925 0.0279621 2.43493e-15
1.28518 0.00819126 4.07928e-14
1.28518 0.0135889 -1.42131e-14
1.28518 0.0225228 3.43929e-13
1.28518 0.0279587 -2.12753e-13
1.2911 0.00820754 3.73442e-13
1.2911 0.0135595 -4.9318e-13
1.2911 0.0225178 1.3228e-11
1.2911 0.0279554 1.80682e-12
1.29702 0.00822381 -5.3706e-24
1.29702 0.0135303 1.3952e-25
1.29702 0.0225124 3.91308e-22
1.29702 0.027952 -2.60745e-22
1.30294 0.00824005 1.22847e-11
1.30294 0.0135013 5.24877e-11
1.30294 0.0225074 -1.22001e-12
1.30294 0.0279487 1.03112e-13
1.30887 0.00825627 -3.36692e-10
1.30887 0.0134724 2.44097e-10
1.30887 0.0225024 4.74589e-10
1.30887 0.0279453 -3.94761e-11
1.31479 0.00827248 5.34004e-16
1.31479 0.0134438 5.39966e-16
1.31479 0.0224974 3.88801e-16
1.31479 0.0279419 5.49114e-17
1.32071 0.00828865 -1.13336e-15
1.32071 0.0134154 -7.93893e-15
1.32071 0.0224925 -7.57097e-15
1.32071 0.0279385 -1.69091e-15
1.32663 0.00830479 -9.23219e-24
1.32663 0.0133872 3.98908e-22
1.32663 0.0224877 -2.59737e-20
1.32663 0.0279352 -2.4161e-20
1.33255 0.00832089 -2.32495e-14
1.33255 0.0133592 3.61158e-15
1.33255 0.022483 7.44664e-15
1.33255 0.0279318 6.09366e-15
1.33848 0.00833696 -2.67282e-11
1.33848 0.0133312 6.72288e-10
1.33848 0.0224783 3.41547e-09
1.33848 0.0279283 -5.54699e-10
1.3444 0.00835299 2.86834e-13
1.3444 0.0133037 1.66615e-10
1.3444 0.0224736 1.2274e-10
1.3444 0.0279252 -1.80698e-10
1.35032 0.00836897 -9.41653e-24
1.35032 0.0132764 3.19001e-24
1.35032 0.0224691 -6.46982e-22
1.35032 0.0279217 1.2869e-23
1.35624 0.00838489 -3.90862e-25
1.35624 0.0132493 3.6557e-25
1.35624 0.0224646 1.25853e-23
1.35624 0.0279184 -6.47264e-24
1.36217 0.00840076 2.58979e-26
1.36217 0.0132223 -2.99557e-23
1.36217 0.0224602 7.06068e-24
1.36217 0.0279151 -5.41104e-24
1.36809 0.00841655 -7.46533e-11
1.36809 0.0131957 1.68584e-10
1.36809 0.0224558 -5.56482e-10
1.36809 0.0279118 -1.58714e-12
1.37401 0.00843233 1.25331e-11
1.37401 0.0131693 5.13616e-10
1.37401 0.0224515 2.43496e-10
1.37401 0.0279085 -1.1852e-11
1.37993 0.00844802 -1.21475e-10
1.37993 0.013143 6.33061e-11
1.37993 0.0224473 2.85703e-11
1.37993 0.0279052 -9.28372e-12
1.38586 0.00846363 -1.10571e-13
1.38586 0.013117 4.17799e-12
1.38586 0.0224431 -2.28801e-09
1.38586 0.027902 -2.22754e-10
1.39178 0.00847916 -5.51574e-13
1.39178 0.0130912 -2.70334e-10
1.39178 0.022439 8.60156e-11
1.39178 0.0278989 2.72763e-10
1.3977 0.00849462 -1.6747e-15
1.3977 0.0130659 -2.1107e-14
1.3977 0.022435 -5.7612e-15
1.3977 0.0278956 3.23184e-14
1.40362 0.00851 3.17432e-12
1.40362 0.0130407 1.44545e-10
1.40362 0.022431 1.89653e-10
1.40362 0.0278924 -1.30962e-10
1.40955 0.00852527 4.67296e-24
1.40955 0.0130158 -5.14627e-24
1.40955 0.0224271 -8.94262e-22
1.40955 0.0278892 -4.26457e-23
1.41547 0.00854046 1.38856e-26
1.41547 0.0129908 -2.25375e-21
1.41547 0.0224233 1.30233e-21
1.41547 0.0278865 7.92213e-22
1.42139 0.00855554 2.21136e-11
1.42139 0.0129667 2.23971e-11
1.42139 0.0224195 -4.38407e-11
1.42139 0.0278831 4.85538e-12
1.42731 0.00857052 2.16106e-24
1.42731 0.0129423 7.21293e-23
1.42731 0.0224158 -1.79967e-25
1.42731 0.0278802 -1.04295e-21
1.43324 0.0085854 1.06677e-23
1.43324 0.0129188 -2.73521e-24
1.43324 0.0224122 -5.74315e-24
1.43324 0.027877 -6.52347e-22
1.43916 0.00860014 -6.7967e-13
1.43916 0.0128952 -2.94344e-12
1.43916 0.0224087 -1.40448e-09
1.43916 0.0278741 7.42014e-11
1.44508 0.00861473 8.27478e-25
1.44508 0.0128721 -1.62927e-22
1.44508 0.0224052 -2.799e-22
1.44508 0.0278711 1.9711e-23
1.451 0.00862928 4.41316e-21
1.451 0.0128491 -8.50239e-24
1.451 0.0224018 1.43958e-22
1.451 0.0278683 -9.70427e-24
1.45693 0.00864363 -7.02325e-24
1.45693 0.0128265 1.36864e-21
1.45693 0.0223984 2.28415e-22
1.45693 0.0278654 -1.44706e-21
1.46285 0.00865785 -5.19423e-26
1.46285 0.0128042 2.50978e-23
1.46285 0.0223951 -8.32838e-22
1.46285 0.0278626 -4.31207e-22
1.46877 0.00867193 -2.52695e-13
1.46877 0.0127822 -2.14679e-12
1.46877 0.0223919 -1.68169e-23
1.46877 0.0278599 1.85036e-23
1.47469 0.00868585 -4.89064e-15
1.47469 0.0127605 7.58552e-16
1.47469 0.0223888 -1.32565e-11
1.47469 0.0278571 4.8802e-12
1.48062 0.0086996 1.22271e-11
1.48062 0.0127392 8.97537e-12
1.48062 0.0223857 1.23377e-10
1.48062 0.0278545 -9.97335e-12
1.48654 0.0087132 1.76422e-13
1.48654 0.0127183 -7.76342e-13
1.48654 0.0223827 -1.32487e-12
1.48654 0.0278519 -8.85678e-13
1.49246 0.0087266 -1.26354e-12
1.49246 0.0126976 -1.3382e-12
1.49246 0.0223798 7.5544e-13
1.49246 0.0278493 -5.03939e-12
1.49838 0.00873982 -2.19187e-11
1.49838 0.0126774 3.70919e-11
1.49838 0.0223769 -1.33094e-11
1.49838 0.0278467 1.22217e-11
1.50431 0.0087529 -2.31673e-12
1.50431 0.0126575 -4.15211e-14
1.50431 0.0223741 -1.25619e-11
1.50431 0.0278443 5.50475e-12
1.51023 0.00876575 -8.86663e-18
1.51023 0.0126379 1.51196e-16
1.51023 0.0223713 -1.08122e-13
1.51023 0.0278418 7.51978e-13
1.51615 0.0087784 -2.59712e-24
1.51615 0.0126188 6.21196e-26
1.51615 0.0223687 -1.69773e-21
1.51615 0.0278395 1.95011e-22
1.52207 0.00879083 -2.12979e-11
1.52207 0.0126 2.26271e-11
1.52207 0.0223662 1.9965e-11
1.52207 0.0278372 -3.12339e-12
1.528 0.00880305 -1.90101e-24
1.528 0.0125816 2.08527e-22
1.528 0.0223636 1.29256e-22
1.528 0.0278349 -2.39054e-22
1.53392 0.00881505 2.15663e-14
1.53392 0.0125637 7.55763e-12
1.53392 0.0223612 2.5333e-11
1.53392 0.0278327 -8.46763e-12
1.53984 0.00882681 8.0185e-15
1.53984 0.0125461 -2.82293e-15
1.53984 0.0223588 -1.03791e-12
1.53984 0.0278305 6.1355e-14
1.54576 0.00883832 8.4462e-25
1.54576 0.012529 -1.57323e-25
1.54576 0.0223565 -1.62489e-22
1.54576 0.0278285 -6.67976e-24
1.55169 0.00884958 -1.30754e-23
1.55169 0.0125123 3.35202e-23
1.55169 0.0223543 -1.90474e-22
1.55169 0.0278264 -1.99342e-22
1.55761 0.00886056 -1.13282e-22
1.55761 0.012496 1.92645e-22
1.55761 0.0223522 8.76106e-24
1.55761 0.0278244 -6.74956e-24
1.56353 0.00887134 4.79242e-11
1.56353 0.0124802 -3.55805e-11
1.56353 0.0223501 1.1459e-11
1.56353 0.0278225 -4.23814e-12
1.56945 0.0088818 -1.76293e-13
1.56945 0.0124648 -3.47533e-12
1.56945 0.0223481 -1.60075e-10
1.56945 0.0278207 2.58832e-11
1.57538 0.00889199 -1.37183e-23
1.57538 0.0124499 1.25919e-27
1.57538 0.0223461 3.06267e-21
1.57538 0.0278189 -4.1223e-22
1.5813 0.00890188 1.10845e-24
1.5813 0.0124354 -5.09609e-27
1.5813 0.0223442 -8.84653e-23
1.5813 0.0278171 -3.50216e-24
1.58722 0.00891149 4.96836e-14
1.58722 0.0124214 -1.37109e-14
1.58722 0.0223425 -1.76328e-13
1.58722 0.0278154 2.7388e-13
1.59314 0.00892078 1.21082e-14
1.59314 0.0124079 1.23623e-15
1.59314 0.0223407 2.96818e-14
1.59314 0.0278138 2.08455e-13
1.59907 0.00892975 3.99606e-23
1.59907 0.0123949 -1.75653e-23
1.59907 0.0223391 4.29895e-22
1.59907 0.0278123 -2.56209e-22
1.60499 0.00893842 5.61e-23
1.60499 0.0123824 -1.16703e-24
1.60499 0.0223375 7.97212e-23
1.60499 0.0278108 -9.90309e-24
1.61091 0.00894674 3.9292e-14
1.61091 0.0123704 3.5616e-13
1.61091 0.022336 3.64044e-11
1.61091 0.0278094 -6.42353e-12
1.61683 0.00895474 -1.56784e-11
1.61683 0.0123589 1.57139e-11
1.61683 0.0223345 3.00832e-11
1.61683 0.027808 -1.0859e-11
1.62276 0.00896238 4.95004e-12
1.62276 0.0123479 2.02266e-14
1.62276 0.0223332 -2.7954e-11
1.62276 0.0278067 -5.21517e-12
1.62868 0.00896966 2.92133e-23
1.62868 0.0123374 3.39624e-24
1.62868 0.0223319 -2.67105e-23
1.62868 0.0278055 -7.00214e-23
1.6346 0.0089766 9.80011e-23
1.6346 0.0123275 1.709e-25
1.6346 0.0223307 3.14554e-22
1.6346 0.0278043 -3.72261e-23
1.64052 0.00898317 -6.78587e-13
1.64052 0.0123182 2.42564e-13
1.64052 0.0223295 -1.58567e-12
1.64052 0.0278032 1.69092e-13
1.64645 0.00898935 9.31557e-12
1.64645 0.0123094 3.73939e-12
1.64645 0.0223285 6.91739e-11
1.64645 0.0278022 -7.14657e-12
1.65237 0.00899517 -8.37111e-22
1.65237 0.0123011 -2.59399e-23
1.65237 0.0223275 8.19875e-22
1.65237 0.0278012 -5.01815e-22
1.65829 0.00900058 1.07882e-23
1.65829 0.0122934 8.10855e-23
1.65829 0.0223265 7.48435e-22
1.65829 0.0278003 -2.33702e-23
1.66421 0.00900563 4.17277e-12
1.66421 0.0122862 -1.99201e-11
1.66421 0.0223257 -6.60109e-11
1.66421 0.0277995 1.95086e-11
1.67014 0.00901029 4.76585e-11
1.67014 0.0122797 -4.87765e-11
1.67014 0.0223249 8.10001e-10
1.67014 0.0277987 -1.3004e-10
1.67606 0.00901451 -1.0606e-14
1.67606 0.0122737 -7.26256e-14
1.67606 0.0223242 -1.07766e-11
1.67606 0.0277981 9.14784e-13
1.68198 0.00901834 4.04168e-23
1.68198 0.0122683 6.37881e-22
1.68198 0.0223235 -3.4628e-22
1.68198 0.0277975 -2.95184e-22
1.6879 0.00902176 3.71081e-12
1.6879 0.0122635 -3.06969e-12
1.6879 0.022323 -4.44734e-11
1.6879 0.0277969 1.91314e-13
1.69383 0.00902477 3.05866e-11
1.69383 0.0122593 1.68363e-09
1.69383 0.0223225 1.07157e-10
1.69383 0.0277964 -1.78316e-09
1.69975 0.00902736 -6.11172e-17
1.69975 0.0122557 6.81496e-18
1.69975 0.0223221 -4.05016e-14
1.69975 0.027796 4.09536e-15
1.70567 0.00902954 -1.88727e-11
1.70567 0.0122526 2.75463e-11
1.70567 0.0223217 -2.70667e-12
1.70567 0.0277956 1.29054e-13
1.71159 0.00903128 1.2167e-22
1.71159 0.0122502 4.93418e-23
1.71159 0.0223215 -4.259e-22
1.71159 0.0277953 3.77702e-22
1.71752 0.00903259 -2.77619e-12
1.71752 0.0122484 2.23605e-12
1.71752 0.0223212 2.52811e-10
1.71752 0.0277951 9.7184e-12
1.72344 0.00903349 -3.18516e-14
1.72344 0.0122472 2.48426e-14
1.72344 0.0223211 4.64104e-15
1.72344 0.027795 5.30293e-17
1.72936 0.00903396 1.68987e-12
1.72936 0.0122466 -1.70643e-12
1.72936 0.0223211 1.28041e-13
1.72936 0.0277949 -1.096e-13
1.73528 0.00903403 -9.26403e-14
1.73528 0.0122464 -4.13886e-15
1.73528 0.022321 4.9375e-12
1.73528 0.0277951 -4.06886e-12
1.74121 0.00903415 -1.3223e-11
1.74121 0.0122463 3.1072e-12
1.74121 0.0223204 4.13388e-11
1.74121 0.0277961 1.08611e-11
1.74713 0.00903438 -2.41083e-12
1.74713 0.0122461 1.23333e-10
1.74713 0.0223192 -2.1047e-10
1.74713 0.0277981 -6.49993e-11
1.75305 0.00903471 1.39499e-10
1.75305 0.0122459 4.91317e-10
1.75305 0.0223176 4.81149e-10
1.75305 0.0278009 -1.27679e-10
1.75897 0.00903517 -4.0588e-10
1.75897 0.0122453 1.34615e-09
1.75897 0.0223152 -1.80711e-22
1.75897 0.0278052 7.61431e-22
1.7649 0.00903572 -3.93279e-12
1.7649 0.0122448 -2.90111e-13
1.7649 0.0223123 5.02949e-10
1.7649 0.0278103 -2.39218e-09
1.77082 0.0090364 -9.80939e-11
1.77082 0.0122441 5.31011e-11
1.77082 0.0223089 -1.43045e-10
1.77082 0.0278163 2.35903e-11
1.77674 0.00903718 4.85087e-10
1.77674 0.0122434 -1.57793e-10
1.77674 0.0223049 -4.53329e-10
1.77674 0.0278233 6.60234e-10
1.78266 0.00903813 8.33018e-09
1.78266 0.0122425 1.93398e-10
1.78266 0.0223003 -3.37452e-10
1.78266 0.0278313 6.20474e-11
1.78858 0.00903907 -7.43337e-11
1.78858 0.0122415 8.99758e-11
1.78858 0.0222952 -1.15521e-09
1.78858 0.0278402 3.63543e-11
1.79451 0.00904013 -3.09617e-10
1.79451 0.0122404 1.71841e-10
1.79451 0.0222896 -6.17797e-14
1.79451 0.0278502 -1.34408e-13
1.80043 0.00904141 -4.10959e-11
1.80043 0.0122392 3.38041e-11
1.80043 0.0222834 2.89687e-11
1.80043 0.0278611 2.09844e-11
1.80635 0.00904279 9.45621e-10
1.80635 0.0122378 -4.52931e-09
1.80635 0.0222767 9.89425e-11
1.80635 0.0278729 7.78661e-11
1.81227 0.0090442 3.20494e-11
1.81227 0.0122365 8.91495e-10
1.81227 0.0222695 -1.63252e-10
1.81227 0.0278857 -9.62657e-11
1.8182 0.00904577 9.63833e-10
1.8182 0.0122349 1.07001e-10
1.8182 0.0222618 1.23198e-11
1.8182 0.0278994 2.73217e-11
1.82412 0.00904743 -8.37276e-12
1.82412 0.0122333 -8.64008e-12
1.82412 0.0222536 -3.13249e-11
1.82412 0.0279141 -7.09205e-10
1.83004 0.00904921 7.70659e-13
1.83004 0.0122316 -2.38258e-11
1.83004 0.0222466 -3.86953e-07
1.83004 0.0279285 2.99664e-07
1.83596 0.0090511 -1.1839e-11
1.83596 0.0122297 2.51638e-11
1.83596 0.0222358 -7.29649e-10
1.83596 0.0279462 5.76117e-12
1.84189 0.00905305 -1.38359e-10
1.84189 0.0122278 6.90325e-11
1.84189 0.0222259 -3.08719e-10
1.84189 0.0279636 3.09764e-10
1.84781 0.00905522 1.76573e-11
1.84781 0.0122257 -2.45089e-11
1.84781 0.0222159 2.85549e-10
1.84781 0.0279818 -2.75172e-10
1.85373 0.00905756 -5.20715e-09
1.85373 0.0122235 -3.24507e-12
1.85373 0.0222053 1.31649e-09
1.85373 0.028001 -1.28326e-09
1.85965 0.00905981 5.07121e-11
1.85965 0.0122212 6.86089e-11
1.85965 0.0221943 -9.30712e-11
1.85965 0.028021 6.57302e-11
1.86558 0.00906221 -2.79836e-11
1.86558 0.0122188 3.60318e-11
1.86558 0.0221829 2.73048e-10
1.86558 0.0280418 2.82789e-11
1.8715 0.00906479 -4.27876e-11
1.8715 0.0122162 -1.73834e-11
1.8715 0.0221711 -2.24125e-12
1.8715 0.0280635 1.55182e-11
1.87742 0.00906746 -3.97191e-10
1.87742 0.0122136 9.37622e-10
1.87742 0.0221588 -8.32494e-11
1.87742 0.0280861 4.33676e-12
1.88334 0.00907023 -4.54161e-11
1.88334 0.0122108 -1.02298e-10
1.88334 0.0221462 1.51268e-10
1.88334 0.0281094 -4.37577e-10
1.88927 0.00907313 2.54754e-12
1.88927 0.012208 2.5544e-10
1.88927 0.0221332 -1.9465e-15
1.88927 0.0281336 -3.72792e-12
1.89519 0.00907612 1.39187e-10
1.89519 0.012205 8.98296e-11
1.89519 0.0221197 6.19788e-10
1.89519 0.0281587 2.43709e-10
1.90111 0.00907927 -2.41648e-11
1.90111 0.0122019 -1.22892e-12
1.90111 0.0221048 -1.36973e-10
1.90111 0.0281855 2.86791e-11
1.90703 0.00908248 3.56414e-11
1.90703 0.0121988 1.97322e-11
1.90703 0.022092 -3.54413e-10
1.90703 0.0282108 -6.2143e-11
1.91296 0.00908581 1.58144e-25
1.91296 0.0121954 1.45279e-26
1.91296 0.0220776 -5.32183e-25
1.91296 0.0282381 5.97248e-23
1.91888 0.00908926 5.40309e-22
1.91888 0.012192 2.16858e-22
1.91888 0.0220629 -1.49483e-20
1.91888 0.0282661 5.97408e-20
1.9248 0.00909281 1.29098e-10
1.9248 0.0121885 -1.35384e-11
1.9248 0.0220479 -1.65274e-12
1.9248 0.0282948 8.39675e-12
1.93072 0.00909648 1.35583e-12
1.93072 0.0121849 4.21834e-11
1.93072 0.0220327 1.54703e-09
1.93072 0.0283243 8.21295e-11
1.93665 0.00910026 2.73511e-13
1.93665 0.0121811 9.11004e-12
1.93665 0.0220171 3.55162e-11
1.93665 0.0283545 -4.62569e-11
1.94257 0.00910415 -2.16336e-15
1.94257 0.0121772 -3.30563e-15
1.94257 0.0220012 3.52919e-15
1.94257 0.0283854 1.56611e-16
1.94849 0.00910815 8.53927e-12
1.94849 0.0121732 3.85995e-11
1.94849 0.0219852 -3.12621e-11
1.94849 0.0284169 -2.47227e-11
1.95441 0.00911226 1.04319e-13
1.95441 0.0121691 8.22299e-14
1.95441 0.0219688 -4.68281e-13
1.95441 0.0284491 8.10121e-12
1.96034 0.00911648 2.46608e-13
1.96034 0.0121649 7.22311e-12
1.96034 0.0219523 -8.38635e-12
1.96034 0.0284819 1.40444e-11
1.96626 0.00912082 1.26324e-12
1.96626 0.0121606 3.03028e-13
1.96626 0.0219355 -4.26825e-12
1.96626 0.0285155 -4.49251e-14
1.97218 0.00912528 -3.37156e-10
1.97218 0.0121561 5.06659e-11
1.97218 0.0219186 -4.95885e-11
1.97218 0.0285496 -2.79654e-11
1.9781 0.00912982 -4.62446e-11
1.9781 0.0121516 -3.74244e-12
1.9781 0.0219013 -9.42217e-10
1.9781 0.0285845 1.62808e-09
1.98403 0.00913449 -3.74233e-13
1.98403 0.0121469 -3.54172e-14
1.98403 0.0218841 -2.54459e-14
1.98403 0.0286198 -3.95549e-12
1.98995 0.00913926 3.39691e-12
1.98995 0.0121421 3.33738e-12
1.98995 0.0218665 -1.11014e-10
1.98995 0.0286558 3.37261e-11
1.99587 0.00914415 -2.39649e-10
1.99587 0.0121372 -2.01372e-10
1.99587 0.0218489 9.24875e-11
1.99587 0.0286923 -1.32644e-11
2.00179 0.00914915 6.25571e-11
2.00179 0.0121322 -1.91301e-11
2.00179 0.0218311 4.48641e-12
2.00179 0.0287295 -3.8298e-10
2.00772 0.00915426 -1.45935e-23
2.00772 0.012127 -1.38532e-24
2.00772 0.0218131 -1.62204e-24
2.00772 0.0287672 2.42001e-23
2.01364 0.00915948 8.15391e-14
2.01364 0.0121218 8.74257e-13
2.01364 0.021795 -1.34037e-11
2.01364 0.0288055 -1.14281e-11
2.01956 0.00916481 -2.44431e-11
2.01956 0.0121164 1.62956e-10
2.01956 0.0217769 -2.24601e-10
2.01956 0.0288443 -7.70642e-11
2.02548 0.00917026 3.11271e-10
2.02548 0.0121109 -3.27162e-10
2.02548 0.0217586 1.15921e-12
2.02548 0.0288837 1.03952e-12
2.03141 0.00917581 -2.01503e-13
2.03141 0.0121053 2.94524e-10
2.03141 0.0217402 2.96193e-12
2.03141 0.0289236 1.20314e-11
2.03733 0.00918146 9.84905e-12
2.03733 0.0120995 1.35004e-11
2.03733 0.0217216 -6.85888e-11
2.03733 0.0289641 6.55031e-11
2.04325 0.00918724 -1.818e-11
2.04325 0.0120937 9.49403e-11
2.04325 0.0217032 -4.21215e-10
2.04325 0.0290049 7.63747e-10
2.04917 0.00919313 -2.23866e-11
2.04917 0.0120877 8.16637e-12
2.04917 0.0216846 3.71866e-12
2.04917 0.0290463 1.08393e-10
2.0551 0.00919918 3.59704e-12
2.0551 0.0120815 7.39766e-11
2.0551 0.0216659 1.85458e-12
2.0551 0.0290882 2.68967e-12
2.06102 0.00920522 -3.8534e-12
2.06102 0.0120754 -5.01955e-13
2.06102 0.0216472 6.70895e-14
2.06102 0.0291306 -1.25346e-11
2.06694 0.00921145 5.36494e-13
2.06694 0.0120691 -3.16456e-12
2.06694 0.0216284 -5.07776e-12
2.06694 0.0291735 2.12666e-12
2.07286 0.00921778 -8.09549e-11
2.07286 0.0120626 8.83217e-11
2.07286 0.0216096 -9.57247e-10
2.07286 0.0292168 8.7717e-10
2.07879 0.00922422 -3.07452e-12
2.07879 0.0120561 -2.75624e-13
2.07879 0.0215908 -6.01159e-11
2.07879 0.0292605 -8.37504e-11
2.08471 0.00923076 1.99438e-13
2.08471 0.0120494 -3.91162e-14
2.08471 0.021572 3.70601e-13
2.08471 0.0293048 1.88099e-11
2.09063 0.00923743 8.99848e-12
2.09063 0.0120426 9.85521e-12
2.09063 0.0215532 -3.29241e-11
2.09063 0.0293494 4.56946e-11
2.09655 0.00924419 1.28668e-12
2.09655 0.0120356 3.17411e-13
2.09655 0.0215343 3.02762e-14
2.09655 0.0293945 -1.60763e-14
2.10248 0.0092511 3.20699e-11
2.10248 0.0120285 6.32914e-11
2.10248 0.0215155 -3.03927e-11
2.1084 0.00925807 3.37089e-13
2.1084 0.0120214 3.5176e-12
2.1084 0.0214967 1.35579e-10
2.11432 0.00926518 -6.7772e-14
2.11432 0.0120141 -5.0077e-12
2.11432 0.0214779 5.26569e-13
2.12024 0.00927243 -6.44416e-11
2.12024 0.0120066 4.64489e-11
2.12024 0.0214592 -7.50995e-13
2.12617 0.00927973 -1.24576e-11
2.12617 0.0119991 3.10017e-12
2.12617 0.0214405 1.40182e-12
2.13209 0.00928715 1.69509e-11
2.13209 0.0119914 -7.44756e-11
2.13209 0.0214218 6.16476e-11
2.13801 0.00929469 5.39689e-10
2.13801 0.0119836 -1.2442e-10
2.13801 0.0214032 3.74257e-10
2.14393 0.00930235 3.66574e-12
2.14393 0.0119757 5.64243e-12
2.14393 0.0213846 2.24359e-11
2.14986 0.00931013 2.388e-11
2.14986 0.0119677 6.27099e-11
2.14986 0.0213662 -6.01746e-11
2.15578 0.00931799 2.50963e-25
2.15578 0.0119595 1.09902e-24
2.15578 0.0213477 4.28653e-24
2.1617 0.00932599 -1.9415e-11
2.1617 0.0119512 -1.37373e-10
2.1617 0.0213294 7.06766e-11
2.16762 0.00933409 3.65262e-24
2.16762 0.0119428 1.10742e-23
2.16762 0.0213111 1.73881e-24
2.17355 0.0093423 -1.502e-13
2.17355 0.0119343 -4.12667e-14
2.17355 0.0212929 6.27806e-12
2.17947 0.00935062 1.8005e-12
2.17947 0.0119256 3.30021e-11
2.17947 0.0212748 -3.92322e-11
2.18539 0.00935906 2.09164e-10
2.18539 0.0119168 -5.85915e-14
2.18539 0.0212568 -2.93207e-12
2.19131 0.00936757 -1.36623e-12
2.19131 0.0119079 -1.26703e-11
2.19131 0.0212389 1.64478e-11
2.19724 0.00937623 2.8582e-13
2.19724 0.0118989 -2.87859e-13
2.19724 0.0212211 3.91717e-11
2.20316 0.00938499 -1.58292e-12
2.20316 0.0118897 1.89862e-14
2.20316 0.0212034 -2.75136e-13
2.20908 0.00939388 9.12983e-13
2.20908 0.0118805 -1.43229e-12
2.20908 0.0211859 7.45665e-12
2.215 0.00940286 7.84324e-13
2.215 0.0118711 -4.56983e-14
2.215 0.0211684 7.58659e-14
2.22092 0.00941195 8.072e-24
2.22092 0.0118615 -3.53692e-24
2.22092 0.0211511 -2.52806e-26
2.22685 0.00942115 5.66835e-13
2.22685 0.0118519 9.4334e-12
2.22685 0.0211339 -1.13805e-11
2.23277 0.00943047 3.81186e-13
2.23277 0.0118421 5.52438e-12
2.23277 0.0211169 4.73483e-13
2.23869 0.0094399 1.53331e-12
2.23869 0.0118322 -6.89992e-13
2.23869 0.0210999 9.64701e-12
2.24461 0.00944943 3.70783e-10
2.24461 0.0118221 -1.62725e-10
2.24461 0.0210832 -6.54509e-11
2.25054 0.00945907 5.46973e-11
2.25054 0.011812 8.55178e-12
2.25054 0.0210665 -6.5372e-12
2.25646 0.00946883 -1.47632e-16
2.25646 0.0118017 -7.21737e-15
2.25646 0.02105 8.1983e-15
2.26238 0.0094787 -7.09226e-12
2.26238 0.0117913 3.10776e-12
2.26238 0.0210337 -8.9066e-14
2.2683 0.00948869 2.92307e-11
2.2683 0.0117808 9.98049e-11
2.2683 0.0210175 -9.41601e-11
2.27423 0.00949875 -6.31634e-24
2.27423 0.0117701 -3.32994e-24
2.27423 0.0210015 -3.71955e-24
2.28015 0.00950891 8.24602e-24
2.28015 0.0117593 6.32035e-24
2.28015 0.0209856 -1.67612e-23
2.28607 0.00951926 -2.22321e-10
2.28607 0.0117484 6.97276e-10
2.28607 0.0209699 4.22078e-11
2.29199 0.00952968 -1.49609e-11
2.29199 0.0117374 -1.91082e-11
2.29199 0.0209543 -3.67243e-11
2.29792 0.0095402 -3.06823e-12
2.29792 0.0117262 -3.0747e-12
2.29792 0.020939 4.82988e-12
2.30384 0.00955085 7.72496e-25
2.30384 0.0117149 -1.91386e-25
2.30384 0.0209238 -4.70777e-24
2.30976 0.0095616 -1.76332e-13
2.30976 0.0117035 5.89283e-13
2.30976 0.0209088 -5.15706e-13
2.31568 0.00957245 -1.56645e-23
2.31568 0.011692 -6.43592e-25
2.31568 0.0208939 -5.2422e-24
2.32161 0.00958342 -3.66804e-15
2.32161 0.0116804 5.15339e-14
2.32161 0.0208792 -8.69985e-14
2.32753 0.0095945 -5.76404e-12
2.32753 0.0116686 -9.56534e-13
2.32753 0.0208648 1.39066e-11
2.33345 0.00960568 8.31513e-26
2.33345 0.0116567 -4.82664e-27
2.33345 0.0208505 -3.36384e-27
2.33937 0.00961699 -4.96604e-11
2.33937 0.0116447 5.35453e-11
2.33937 0.0208363 -5.48603e-12
2.3453 0.0096284 3.64761e-24
2.3453 0.0116326 -1.07345e-23
2.3453 0.0208224 1.17444e-23
2.35122 0.00963992 1.42975e-22
2.35122 0.0116203 -3.05834e-25
2.35122 0.0208087 -6.01816e-25
2.35714 0.00965154 -6.25136e-11
2.35714 0.0116079 -6.48559e-12
2.35714 0.0207951 -1.00891e-13
2.36306 0.00966326 -8.0273e-14
2.36306 0.0115954 7.54634e-12
2.36306 0.0207818 -8.13148e-12
2.36899 0.00967511 2.19168e-11
2.36899 0.0115828 -2.25944e-11
2.36899 0.0207687 -4.2986e-13
2.37491 0.00968708 2.73847e-11
2.37491 0.01157 -2.48235e-11
2.37491 0.0207557 2.19818e-13
2.38083 0.00969915 9.85643e-12
2.38083 0.0115572 -3.98561e-12
2.38083 0.020743 -2.27889e-11
2.38675 0.00971132 -2.58548e-09
2.38675 0.0115442 1.18522e-10
2.38675 0.0207304 1.15337e-10
2.39268 0.00972361 -1.14571e-12
2.39268 0.0115311 -2.65743e-11
2.39268 0.0207181 1.12505e-11
2.3986 0.00973601 -1.19452e-10
2.3986 0.0115179 -3.56318e-10
2.3986 0.0207059 -6.86275e-11
2.40452 0.00974852 5.80919e-13
2.40452 0.0115045 1.22931e-11
2.40452 0.020694 -1.26781e-11
2.41044 0.00976114 -1.1783e-13
2.41044 0.0114911 3.32305e-13
2.41044 0.0206822 -6.924e-13
2.41637 0.00977386 2.46619e-11
2.41637 0.0114775 -3.36146e-11
2.41637 0.0206707 5.32698e-14
2.42229 0.00978671 1.28751e-12
2.42229 0.0114638 -1.73602e-12
2.42229 0.0206594 1.22211e-12
2.42821 0.00979965 -3.54052e-09
2.42821 0.01145 -5.29585e-12
2.42821 0.0206483 -6.60075e-11
2.43413 0.00981271 -1.70927e-13
2.43413 0.0114361 7.12895e-12
2.43413 0.0206374 -1.05255e-11
2.44006 0.00982588 4.32885e-11
2.44006 0.0114221 -7.90868e-11
2.44006 0.0206267 -2.02154e-11
2.44598 0.00983915 -6.80507e-12
2.44598 0.0114079 -3.43132e-11
2.44598 0.0206163 -2.85706e-14
2.4519 0.00985253 -3.25338e-11
2.4519 0.0113937 5.29379e-12
2.4519 0.020606 -1.53995e-11
2.45782 0.00986603 2.65747e-11
2.45782 0.0113793 -1.41703e-11
2.45782 0.020596 7.20445e-12
2.46375 0.00987962 4.03738e-11
2.46375 0.0113648 -3.72103e-11
2.46375 0.0205861 9.24125e-12
2.46967 0.00989335 5.21072e-13
2.46967 0.0113502 1.06888e-11
2.46967 0.0205765 2.31891e-12
2.47559 0.00990717 -2.46598e-11
2.47559 0.0113355 1.3662e-11
2.47559 0.0205671 5.54386e-12
2.48151 0.0099211 8.12298e-14
2.48151 0.0113207 -4.23203e-13
2.48151 0.020558 1.39864e-12
2.48744 0.00993515 -6.82232e-14
2.48744 0.0113058 4.53871e-14
2.48744 0.020549 1.29797e-13
2.49336 0.0099493 -2.35988e-10
2.49336 0.0112908 -1.8844e-10
2.49336 0.0205403 -4.48443e-14
2.49928 0.00996356 4.22916e-12
2.49928 0.0112756 4.5515e-13
2.49928 0.0205317 5.575e-12
2.5052 0.00997794 9.0618e-12
2.5052 0.0112604 4.34318e-13
2.5052 0.0205234 2.48852e-12
2.51113 0.00999241 4.19753e-12
2.51113 0.011245 -2.31109e-12
2.51113 0.0205154 3.10441e-13
2.51705 0.010007 2.28585e-13
2.51705 0.0112296 1.98295e-12
2.51705 0.0205075 -2.90507e-12
2.52297 0.0100217 -4.43085e-24
2.52297 0.011214 4.778e-24
2.52297 0.0204999 8.37858e-27
2.52889 0.0100365 4.77828e-12
2.52889 0.0111984 8.65503e-12
2.52889 0.0204924 2.16192e-12
2.53482 0.0100514 2.17493e-11
2.53482 0.0111826 -9.79786e-12
2.53482 0.0204852 -1.6297e-12
2.54074 0.0100664 1.00458e-11
2.54074 0.0111668 1.11228e-10
2.54074 0.0204782 -1.42009e-10
2.54666 0.0100816 6.02196e-12
2.54666 0.0111508 2.69303e-12
2.54666 0.0204715 7.48063e-12
2.55258 0.0100968 -1.68758e-12
2.55258 0.0111347 1.31948e-12
2.55258 0.0204649 8.37031e-11
2.55851 0.0101122 2.72373e-12
2.55851 0.0111186 -3.24063e-13
2.55851 0.0204586 -1.27572e-11
2.56443 0.0101276 -1.44728e-11
2.56443 0.0111023 8.85697e-12
2.56443 0.0204525 -7.10856e-11
2.57035 0.0101432 1.33846e-11
2.57035 0.011086 -1.7021e-12
2.57035 0.0204466 1.50461e-13
2.57627 0.0101589 -4.10506e-12
2.57627 0.0110695 8.40807e-12
2.57627 0.020441 -2.26299e-14
2.5822 0.0101747 2.37259e-11
2.5822 0.011053 -9.35248e-12
2.5822 0.0204355 -2.09402e-09
2.58812 0.0101906 2.33235e-12
2.58812 0.0110364 -2.43406e-12
2.58812 0.0204303 1.44157e-11
2.59404 0.0102066 -4.37017e-25
2.59404 0.0110196 -9.90537e-25
2.59404 0.0204253 9.64225e-24
2.59996 0.0102227 1.20185e-15
2.59996 0.0110028 -1.96788e-15
2.59996 0.0204205 -1.33824e-17
2.60589 0.0102389 -1.38525e-11
2.60589 0.0109859 1.13223e-11
2.60589 0.0204159 1.64671e-13
2.61181 0.0102553 6.32862e-12
2.61181 0.0109689 6.31426e-12
2.61181 0.0204116 -6.17365e-12
2.61773 0.0102717 3.64555e-11
2.61773 0.0109519 -2.94617e-11
2.61773 0.0204074 2.90282e-12
2.62365 0.0102883 -2.78581e-12
2.62365 0.0109347 2.03726e-12
2.62365 0.0204035 -1.3939e-11
2.62958 0.0103049 -3.45474e-12
2.62958 0.0109174 1.44726e-11
2.62958 0.0203998 -1.16852e-11
2.6355 0.0103217 1.48906e-12
2.6355 0.0109001 7.98037e-12
2.6355 0.0203963 4.41329e-15
2.64142 0.0103386 -1.44646e-12
2.64142 0.0108827 -1.11397e-11
2.64142 0.020393 9.24838e-12
2.64734 0.0103556 -1.64192e-11
2.64734 0.0108652 -2.00945e-13
2.64734 0.02039 1.96144e-11
2.65327 0.0103726 -1.67551e-24
2.65327 0.0108476 2.93303e-25
2.65327 0.0203871 3.66008e-25
2.65919 0.0103898 -7.41378e-10
2.65919 0.01083 -1.93655e-11
2.65919 0.0203845 5.26628e-12
2.66511 0.0104072 -3.53323e-11
2.66511 0.0108122 2.30002e-11
2.66511 0.0203821 6.8504e-14
2.67103 0.0104245 -5.44961e-10
2.67103 0.0107945 6.00421e-10
2.67103 0.0203799 6.89213e-11
2.67695 0.0104421 6.33452e-11
2.67695 0.0107765 4.46264e-11
2.67695 0.0203779 -6.22003e-12
2.68288 0.0104598 -2.69837e-08
2.68288 0.0107586 2.33617e-08
2.68288 0.020376 -5.37345e-10
2.6888 0.0104775 -7.7308e-10
2.6888 0.0107406 3.20559e-10
2.6888 0.0203745 -2.19885e-12
2.69472 0.0104953 1.16517e-10
2.69472 0.0107224 -6.62984e-11
2.69472 0.0203732 -1.71783e-10
2.70064 0.0105133 9.94472e-11
2.70064 0.0107043 3.04264e-11
2.70064 0.020372 -7.89895e-12
2.70657 0.0105313 -2.06603e-11
2.70657 0.010686 2.1046e-10
2.70657 0.0203711 -2.04631e-10
2.71249 0.0105494 6.25446e-11
2.71249 0.0106678 9.49738e-11
2.71249 0.0203704 -1.04326e-10
2.71841 0.0105677 -1.53635e-11
2.71841 0.0106495 4.82711e-12
2.71841 0.0203698 8.45059e-12
2.72433 0.0105859 -1.28066e-10
2.72433 0.0106312 -1.70228e-11
2.72433 0.0203695 1.31929e-10
2.73026 0.0106029 5.24903e-12
2.73026 0.0106142 4.36999e-13
2.73026 0.0203694 -1.65021e-13
2.73618 0.0105924 1.03043e-11
2.73618 0.0106247 2.71606e-13
2.73618 0.0203695 -2.45864e-14
2.7421 0.0105739 1.59571e-12
2.7421 0.0106432 8.43354e-13
2.7421 0.0203698 -1.38807e-13
2.74802 0.0105552 1.42571e-11
2.74802 0.0106619 5.09152e-12
2.74802 0.0203703 5.07959e-12
2.75395 0.0105364 4.64715e-12
2.75395 0.0106808 -2.95187e-10
2.75395 0.020371 -1.7986e-09
2.75987 0.0105176 3.95309e-12
2.75987 0.0106998 3.51296e-10
2.75987 0.0203719 5.1394e-11
2.76579 0.0104987 -6.40348e-12
2.76579 0.010719 6.78886e-12
2.76579 0.020373 -8.29387e-12
2.77171 0.0104797 1.97886e-10
2.77171 0.0107382 4.34226e-10
2.77171 0.0203743 1.52142e-09
2.77764 0.0104607 3.13368e-11
2.77764 0.0107576 1.54301e-12
2.77764 0.0203758 -7.44698e-13
2.78356 0.0104416 7.0302e-18
2.78356 0.010777 -8.42041e-19
2.78356 0.0203775 1.2428e-19
2.78948 0.0104224 -5.23107e-11
2.78948 0.0107966 -6.58318e-12
2.78948 0.0203794 1.59534e-13
2.7954 0.0104032 2.89024e-12
2.7954 0.0108163 2.69349e-12
2.7954 0.0203815 5.66481e-13
2.80133 0.0103839 -1.46427e-21
2.80133 0.010836 4.65682e-21
2.80133 0.0203838 -6.08505e-22
2.80725 0.0103647 -8.25673e-19
2.80725 0.010856 3.69297e-16
2.80725 0.0203862 -1.39127e-16
2.81317 0.0103453 -5.05346e-11
2.81317 0.010876 9.61552e-10
2.81317 0.0203889 -1.3508e-09
2.81909 0.010326 2.30835e-12
2.81909 0.0108961 6.38552e-11
2.81909 0.0203918 7.81969e-11
2.82502 0.0103065 2.38861e-14
2.82502 0.0109163 5.79853e-12
2.82502 0.0203948 -5.80807e-12
2.83094 0.010287 1.3091e-23
2.83094 0.0109366 3.19812e-21
2.83094 0.020398 -3.19195e-21
2.83686 0.0102675 1.37415e-24
2.83686 0.0109571 2.70769e-22
2.83686 0.0204014 2.8272e-23
2.84278 0.010248 -2.47207e-22
2.84278 0.0109776 2.23454e-21
2.84278 0.020405 1.31845e-21
2.84871 0.0102284 1.03676e-13
2.84871 0.0109983 -3.61444e-12
2.84871 0.0204088 -2.98366e-12
2.85463 0.0102087 -7.96256e-23
2.85463 0.0110191 -1.7819e-20
2.85463 0.0204128 1.26376e-20
2.86055 0.0101891 1.87966e-21
2.86055 0.0110399 -1.49135e-21
2.86055 0.020417 3.7136e-21
2.86647 0.0101694 -3.11202e-18
2.86647 0.0110609 7.9069e-17
2.86647 0.0204212 5.82399e-16
2.8724 0.0101496 -4.14597e-16
2.8724 0.0110819 1.17815e-16
2.8724 0.0204257 -2.09968e-16
2.87832 0.0101298 3.17661e-12
2.87832 0.0111031 -1.98023e-12
2.87832 0.0204304 -1.57942e-12
2.88424 0.01011 3.91667e-23
2.88424 0.0111244 6.8957e-25
2.88424 0.0204353 -8.29376e-24
2.89016 0.0100902 -5.37592e-14
2.89016 0.0111459 1.08627e-10
2.89016 0.0204402 -1.07669e-10
2.89609 0.0100703 8.78735e-14
2.89609 0.0111673 -7.09824e-19
2.89609 0.0204455 -1.71475e-14
2.90201 0.0100504 -1.98807e-12
2.90201 0.0111889 1.63992e-10
2.90201 0.0204509 5.18343e-10
2.90793 0.0100305 1.93639e-22
2.90793 0.0112107 1.27874e-23
2.90793 0.0204565 1.51636e-21
2.91385 0.0100106 -4.1e-11
2.91385 0.0112325 1.29385e-12
2.91385 0.0204622 -1.34106e-12
2.91978 0.0099906 1.81084e-12
2.91978 0.0112544 -2.23375e-12
2.91978 0.0204681 5.67935e-12
2.9257 0.00997061 4.47667e-19
2.9257 0.0112765 -1.27589e-15
2.9257 0.0204741 4.04473e-16
2.93162 0.00995059 -3.49492e-14
2.93162 0.0112986 -3.6095e-11
2.93162 0.0204803 7.47717e-12
2.93754 0.00993056 -2.23785e-22
2.93754 0.0113208 2.07686e-23
2.93754 0.0204867 5.65669e-24
2.94347 0.0099105 2.11893e-11
2.94347 0.0113432 4.1596e-10
2.94347 0.0204933 2.45693e-09
2.94939 0.00989042 3.44534e-14
2.94939 0.0113657 -5.01375e-14
2.94939 0.0205 3.59291e-12
2.95531 0.00987033 4.25686e-16
2.95531 0.0113882 -2.60847e-15
2.95531 0.0205069 4.60867e-15
2.96123 0.00985022 -2.32351e-13
2.96123 0.0114109 1.91856e-12
2.96123 0.020514 -1.0421e-11
2.96716 0.00983009 -4.9365e-12
2.96716 0.0114337 -1.3517e-14
2.96716 0.0205212 1.27043e-13
2.97308 0.00980995 8.97185e-23
2.97308 0.0114565 -6.9403e-21
2.97308 0.0205285 3.09948e-22
2.979 0.0097898 -1.45516e-12
2.979 0.0114796 -3.37443e-11
2.979 0.020536 1.6939e-11
2.98492 0.00976963 7.32654e-11
2.98492 0.0115027 8.16392e-11
2.98492 0.0205437 -4.37835e-10
2.99085 0.00974946 1.21074e-25
2.99085 0.0115259 2.22431e-22
2.99085 0.0205515 1.30169e-21
2.99677 0.00972927 2.46206e-25
2.99677 0.0115492 -5.02273e-23
2.99677 0.0205595 5.39614e-22
3.00269 0.00970908 -2.865e-12
3.00269 0.0115726 2.01176e-12
3.00269 0.0205677 -3.68126e-12
3.00861 0.00968888 -1.35201e-12
3.00861 0.0115961 4.38653e-12
3.00861 0.020576 -4.33571e-12
3.01454 0.00966867 4.51587e-13
3.01454 0.0116197 1.26431e-10
3.01454 0.0205844 8.96704e-10
3.02046 0.00964846 1.42234e-11
3.02046 0.0116435 -8.20941e-10
3.02046 0.0205929 1.70263e-09
3.02638 0.00962824 4.65701e-15
3.02638 0.0116673 2.38953e-13
3.02638 0.0206017 -2.95166e-14
3.0323 0.00960802 -5.63742e-13
3.0323 0.0116913 2.56952e-12
3.0323 0.0206106 -6.29459e-12
3.03823 0.0095878 -2.63373e-25
3.03823 0.0117153 1.35633e-22
3.03823 0.0206196 6.15325e-22
3.04415 0.00956758 -3.38788e-13
3.04415 0.0117395 -1.80572e-10
3.04415 0.0206288 1.994e-11
3.05007 0.00954736 -3.01708e-24
3.05007 0.0117637 -3.62086e-22
3.05007 0.0206381 9.0733e-23
3.05599 0.00952714 -9.91088e-13
3.05599 0.0117881 1.84497e-12
3.05599 0.0206475 -9.36007e-12
3.06192 0.00950693 -7.03966e-12
3.06192 0.0118125 3.14735e-10
3.06192 0.0206571 -1.32783e-10
3.06784 0.00948671 -9.2499e-23
3.06784 0.0118371 -1.14547e-22
3.06784 0.0206668 -1.29866e-22
3.07376 0.0094665 -2.27185e-12
3.07376 0.0118618 1.15751e-10
3.07376 0.0206767 -9.3426e-11
3.07968 0.0094463 3.46063e-11
3.07968 0.0118866 9.30323e-13
3.07968 0.0206867 -7.16074e-12
3.08561 0.0094261 3.56471e-14
3.08561 0.0119115 -3.23421e-12
3.08561 0.0206968 3.96389e-12
3.09153 0.00940591 1.13259e-13
3.09153 0.0119365 -9.27497e-15
3.09153 0.0207071 -1.25626e-15
3.09745 0.00938573 1.81385e-18
3.09745 0.0119615 5.19009e-14
3.09745 0.0207175 3.08492e-14
3.10337 0.00936555 1.95356e-23
3.10337 0.0119867 2.09554e-21
3.10337 0.020728 -1.50737e-21
3.10929 0.00934539 6.08608e-25
3.10929 0.012012 -1.73032e-23
3.10929 0.0207387 -1.10247e-22
3.11522 0.00932525 -5.34101e-25
3.11522 0.0120375 -1.69262e-23
3.11522 0.0207495 7.26453e-23
3.12114 0.0093051 -3.03023e-11
3.12114 0.012063 8.69868e-11
3.12114 0.0207604 -1.59667e-10
3.12706 0.00928497 -2.78163e-12
3.12706 0.0120886 -2.54069e-12
3.12706 0.0207714 -1.63498e-13
3.13298 0.00926487 -8.2514e-23
3.13298 0.0121143 2.57971e-21
3.13298 0.0207826 -5.44551e-22
3.13891 0.00924477 5.47265e-12
3.13891 0.0121402 -3.01151e-09
3.13891 0.0207938 -5.31522e-12
3.14483 0.00922469 7.72163e-16
3.14483 0.012166 -1.61404e-14
3.14483 0.0208052 -7.84922e-14
3.15075 0.00920462 -2.28032e-21
3.15075 0.0121921 -6.94677e-19
3.15075 0.0208168 -4.1405e-20
3.15667 0.00918458 1.62793e-23
3.15667 0.0122182 -2.28421e-21
3.15667 0.0208284 1.36332e-21
3.1626 0.00916456 -3.63189e-24
3.1626 0.0122444 9.3386e-24
3.1626 0.0208402 -4.43184e-23
3.16852 0.00914455 2.96778e-22
3.16852 0.0122708 -3.32909e-22
3.16852 0.020852 4.57033e-22
3.17444 0.00912456 6.56493e-22
3.17444 0.0122972 -1.62805e-21
3.17444 0.020864 2.89233e-21
3.18036 0.0091046 -1.12476e-22
3.18036 0.0123238 -1.90823e-23
3.18036 0.0208761 -5.67464e-22
3.18629 0.00908466 -2.56422e-24
3.18629 0.0123504 1.34655e-22
3.18629 0.0208884 1.6897e-21
3.19221 0.00906474 -4.59653e-22
3.19221 0.0123772 -1.73487e-20
3.19221 0.0209007 -6.39795e-19
3.19813 0.00904484 5.28666e-22
3.19813 0.0124041 -1.39008e-20
3.19813 0.0209131 6.46907e-21
3.20405 0.00902498 3.23624e-23
3.20405 0.012431 -1.38118e-22
3.20405 0.0209257 3.73221e-23
3.20998 0.00900512 1.26546e-23
3.20998 0.012458 2.06388e-23
3.20998 0.0209383 -2.45572e-23
3.2159 0.00898531 -9.86317e-18
3.2159 0.0124852 -2.62917e-14
3.2159 0.0209512 5.84621e-13
3.22182 0.00896551 3.1639e-22
3.22182 0.0125125 3.84076e-21
3.22182 0.0209639 4.53342e-22
3.22774 0.00894577 1.22047e-22
3.22774 0.0125398 -1.77069e-23
3.22774 0.0209769 3.31542e-23
3.23367 0.00892602 3.51041e-15
3.23367 0.0125673 -9.16422e-16
3.23367 0.02099 2.87324e-15
3.23959 0.00890632 7.60294e-11
3.23959 0.0125949 1.03973e-10
3.23959 0.0210031 -7.44916e-11
3.24551 0.00888662 9.55983e-11
3.24551 0.0126226 8.84887e-12
3.24551 0.0210164 -6.57407e-11
3.25143 0.00886699 -1.17997e-14
3.25143 0.0126503 -4.48455e-14
3.25143 0.0210298 6.49418e-16
3.25736 0.00884734 3.1086e-19
3.25736 0.0126782 -1.10944e-19
3.25736 0.0210432 1.81779e-19
3.26328 0.00882782 6.02343e-13
3.26328 0.0127062 1.83283e-13
3.26328 0.0210568 5.28512e-12
3.2692 0.00880829 -3.56462e-09
3.2692 0.0127343 6.31939e-13
3.2692 0.0210704 1.03028e-10
3.27512 0.00878882 -2.9544e-08
3.27512 0.0127625 -1.1245e-10
3.27512 0.021084 -2.76744e-10
3.28105 0.00876931 -2.51122e-23
3.28105 0.0127907 1.04906e-22
3.28105 0.021098 -1.73807e-22
3.28697 0.00874987 1.09386e-11
3.28697 0.0128191 -3.76829e-12
3.28697 0.0211119 -3.31415e-10
3.29289 0.00873047 -5.4529e-17
3.29289 0.0128476 1.77684e-18
3.29289 0.021126 -2.38944e-19
3.29881 0.0087111 -1.2336e-21
3.29881 0.0128762 1.64393e-21
3.29881 0.0211401 -6.89836e-23
3.30474 0.0086918 -4.93541e-14
3.30474 0.0129049 1.26232e-11
3.30474 0.0211542 -3.58616e-13
3.31066 0.0086725 -1.1938e-17
3.31066 0.0129337 -4.74336e-12
3.31066 0.0211685 1.44887e-12
3.31658 0.00865326 9.71032e-13
3.31658 0.0129626 5.98675e-13
3.31658 0.0211829 2.92351e-12
3.3225 0.00863405 -1.55952e-21
3.3225 0.0129915 -3.29173e-22
3.3225 0.0211973 -9.06024e-23
3.32843 0.00861489 -2.74482e-11
3.32843 0.0130206 -6.03832e-13
3.32843 0.0212118 2.51009e-13
3.33435 0.00859576 1.07603e-11
3.33435 0.0130498 -6.3995e-13
3.33435 0.0212264 -2.26868e-11
3.34027 0.00857668 5.58088e-23
3.34027 0.0130791 -3.95816e-23
3.34027 0.0212411 -1.62465e-22
3.34619 0.00855765 -1.29677e-23
3.34619 0.0131085 -7.70222e-23
3.34619 0.0212558 -3.25319e-22
3.35212 0.00853866 7.17592e-11
3.35212 0.013138 5.62876e-12
3.35212 0.0212707 8.30002e-12
3.35804 0.00851971 -1.35537e-11
3.35804 0.0131676 1.63824e-12
3.35804 0.0212856 4.81451e-13
3.36396 0.00850082 3.62233e-22
3.36396 0.0131973 -7.63584e-21
3.36396 0.0213005 -3.90016e-22
3.36988 0.00848194 1.22443e-15
3.36988 0.013227 1.72144e-14
3.36988 0.0213155 5.96409e-14
3.37581 0.00846313 -2.42225e-13
3.37581 0.0132569 3.69053e-13
3.37581 0.0213307 1.04378e-13
3.38173 0.00844436 2.26378e-23
3.38173 0.0132869 -3.66754e-24
3.38173 0.0213459 -1.26447e-22
3.38765 0.00842565 1.03561e-22
3.38765 0.013317 -3.07459e-23
3.38765 0.0213611 -4.44306e-22
3.39357 0.00840697 -7.04217e-23
3.39357 0.0133472 6.60104e-24
3.39357 0.0213765 -2.97695e-21
3.3995 0.00838835 7.13165e-22
3.3995 0.0133775 -1.89184e-22
3.3995 0.0213918 2.26812e-22
3.40542 0.00836978 4.43367e-13
3.40542 0.0134078 8.42126e-09
3.40542 0.0214073 -8.02691e-09
3.41134 0.00835126 -2.3279e-12
3.41134 0.0134383 -7.07865e-14
3.41134 0.0214228 1.37463e-13
3.41726 0.00833301 -1.41732e-21
3.41726 0.0134689 -7.6735e-22
3.41726 0.0214382 3.35062e-21
3.42319 0.00831437 4.49791e-13
3.42319 0.0134996 -2.26942e-11
3.42319 0.021454 3.60449e-11
3.42911 0.008296 2.81104e-14
3.42911 0.0135304 1.37269e-13
3.42911 0.0214697 -1.7222e-13
3.43503 0.00827768 -1.0991e-14
3.43503 0.0135612 -5.66589e-14
3.43503 0.0214854 1.38436e-16
3.44095 0.00825942 -5.10556e-15
3.44095 0.0135922 1.18485e-14
3.44095 0.0215012 -1.51778e-15
3.44688 0.00824121 -3.47482e-15
3.44688 0.0136233 3.89537e-13
3.44688 0.021517 1.27443e-14
3.4528 0.00822305 2.73321e-13
3.4528 0.0136544 -3.30395e-11
3.4528 0.0215329 3.95357e-11
3.45872 0.00820495 -9.8693e-11
3.45872 0.0136857 -5.99482e-13
3.45872 0.0215489 -1.39964e-11
3.46464 0.0081869 2.86029e-17
3.46464 0.0137171 1.43472e-16
3.46464 0.0215649 4.12956e-17
3.47057 0.00816891 -4.94556e-12
3.47057 0.0137485 -5.79694e-12
3.47057 0.0215809 -1.01095e-11
3.47649 0.00815097 -6.21242e-16
3.47649 0.01378 -8.58807e-13
3.47649 0.021597 -2.62739e-16
3.48241 0.00813309 -8.67466e-16
3.48241 0.0138117 -5.44609e-13
3.48241 0.0216132 -7.60058e-13
3.48833 0.00811529 1.43691e-14
3.48833 0.0138434 -1.74139e-13
3.48833 0.0216293 -3.81059e-15
3.49426 0.00809751 -1.67669e-10
3.49426 0.0138753 8.83725e-09
3.49426 0.0216456 1.46196e-08
3.50018 0.0080798 1.8743e-14
3.50018 0.0139072 3.96523e-13
3.50018 0.0216618 -1.75817e-12
3.5061 0.00806215 8.34265e-13
3.5061 0.0139393 7.65852e-11
3.5061 0.0216781 8.89869e-11
3.51202 0.00804457 -1.40751e-13
3.51202 0.0139714 -8.2253e-12
3.51202 0.0216945 9.81845e-13
3.51795 0.00802703 3.38281e-13
3.51795 0.0140035 -1.82838e-10
3.51795 0.021711 1.89094e-10
3.52387 0.00800957 2.90595e-14
3.52387 0.0140359 4.71182e-11
3.52387 0.0217273 -3.7625e-13
3.52979 0.00799216 -8.10135e-15
3.52979 0.0140683 -1.36668e-10
3.52979 0.0217437 7.19467e-12
3.53571 0.00797481 -3.60586e-16
3.53571 0.0141008 -3.23476e-15
3.53571 0.0217602 1.85744e-13
3.54164 0.00795753 -3.01778e-10
3.54164 0.0141335 9.95488e-10
3.54164 0.0217767 -3.69913e-10
3.54756 0.0079403 2.46402e-10
3.54756 0.0141661 1.92673e-09
3.54756 0.0217933 3.39029e-10
3.55348 0.00792314 7.78187e-12
3.55348 0.0141989 -7.09492e-11
3.55348 0.0218098 7.27063e-11
3.5594 0.00790604 -3.46497e-10
3.5594 0.0142318 -1.09187e-09
3.5594 0.0218264 9.8423e-10
3.56532 0.00788901 -1.08045e-11
3.56532 0.0142648 1.40277e-10
3.56532 0.021843 -9.41477e-11
3.57125 0.00787206 2.63097e-09
3.57125 0.0142979 -1.99747e-10
3.57125 0.0218597 -2.40438e-09
3.57717 0.00785513 -2.77552e-10
3.57717 0.014331 1.61034e-13
3.57717 0.0218764 -1.67629e-14
3.58309 0.00783828 2.18194e-23
3.58309 0.0143643 1.33153e-22
3.58309 0.0218931 2.11534e-21
3.58901 0.00782151 7.34796e-23
3.58901 0.0143976 -1.2995e-21
3.58901 0.0219098 -8.57584e-22
3.59494 0.0078048 -5.53917e-24
3.59494 0.0144311 -4.02295e-22
3.59494 0.0219265 6.94657e-26
3.60086 0.00778815 4.12789e-23
3.60086 0.0144646 1.47392e-22
3.60086 0.0219432 3.61923e-22
3.60678 0.00777157 -7.16193e-24
3.60678 0.0144982 -2.1922e-22
3.60678 0.02196 3.94614e-22
3.6127 0.00775507 2.91055e-10
3.6127 0.014532 6.57862e-10
3.6127 0.0219767 -3.73605e-10
3.61863 0.0077386 -9.80639e-11
3.61863 0.0145658 -4.72159e-12
3.61863 0.0219935 1.32882e-11
3.62455 0.00772223 -1.56597e-12
3.62455 0.0145997 4.66802e-11
3.62455 0.0220103 2.26236e-11
3.63047 0.00770591 2.18943e-11
3.63047 0.0146337 -6.67349e-15
3.63047 0.0220271 -4.3335e-13
3.63639 0.00768967 -4.23377e-14
3.63639 0.0146677 1.27823e-14
3.63639 0.022044 7.33177e-14
3.64232 0.0076735 4.15528e-23
3.64232 0.0147018 -2.31831e-20
3.64232 0.0220607 7.94545e-22
3.64824 0.0076574 2.69634e-12
3.64824 0.0147362 6.50457e-16
3.64824 0.0220776 -3.28122e-12
3.65416 0.00764136 -8.46596e-12
3.65416 0.0147705 4.17542e-13
3.65416 0.0220944 2.53261e-16
3.66008 0.00762539 -2.95043e-14
3.66008 0.014805 4.95315e-13
3.66008 0.0221113 4.16549e-14
3.66601 0.00760956 6.33414e-10
3.66601 0.0148395 -1.4783e-10
3.66601 0.022128 -6.1292e-10
3.67193 0.00759368 1.38086e-11
3.67193 0.0148741 -4.3779e-13
3.67193 0.0221449 8.4341e-15
3.67785 0.00757793 -2.15227e-13
3.67785 0.0149089 1.27346e-11
3.67785 0.0221617 -1.9792e-14
3.68377 0.00756224 7.39175e-11
3.68377 0.0149436 -2.4254e-09
3.68377 0.0221786 -1.99275e-10
3.6897 0.00754663 -2.26258e-14
3.6897 0.0149785 9.40409e-15
3.6897 0.0221954 2.22359e-14
3.69562 0.00753108 -1.20516e-15
3.69562 0.0150135 -1.16102e-13
3.69562 0.0222122 -2.75016e-16
3.70154 0.00751563 -1.22548e-23
3.70154 0.0150486 -8.56575e-24
3.70154 0.022229 1.00935e-22
3.70746 0.00750027 -7.92645e-11
3.70746 0.0150837 4.58717e-11
3.70746 0.0222457 -4.40294e-12
3.71339 0.00748491 -1.79256e-11
3.71339 0.015119 -1.36162e-09
3.71339 0.0222626 5.03295e-11
3.71931 0.00746966 1.06023e-13
3.71931 0.0151543 -7.91461e-13
3.71931 0.0222793 -9.90758e-14
3.72523 0.00745455 -1.25275e-21
3.72523 0.0151897 -1.21816e-22
3.72523 0.022296 8.38701e-22
3.73115 0.00743939 -2.2226e-12
3.73115 0.0152252 3.91456e-13
3.73115 0.0223128 3.51153e-12
3.73708 0.00742455 8.16061e-09
3.73708 0.0152608 -2.90167e-10
3.73708 0.0223294 -7.64365e-09
3.743 0.0074094 5.9489e-22
3.743 0.0152965 -1.55128e-23
3.743 0.0223462 -5.23368e-22
3.74892 0.0073946 -1.97051e-12
3.74892 0.0153322 -3.84824e-12
3.74892 0.0223626 -4.14798e-11
3.75484 0.00737973 5.19585e-21
3.75484 0.0153681 4.78851e-21
3.75484 0.0223796 -8.23573e-24
3.76077 0.00736505 -1.92002e-21
3.76077 0.015404 2.0824e-21
3.76077 0.0223962 -1.25192e-21
3.76669 0.00735034 -9.23937e-21
3.76669 0.0154402 -1.51466e-20
3.76669 0.0224127 1.39987e-21
3.76669 0.0293844 7.72527e-23
3.77261 0.00733577 1.16013e-21
3.77261 0.0154761 5.49055e-22
3.77261 0.0224294 -5.40187e-22
3.77261 0.0293511 1.04028e-21
3.77853 0.00732128 1.55704e-09
3.77853 0.0155123 6.12896e-09
3.77853 0.022446 -3.59624e-09
3.77853 0.0293178 -2.05294e-12
3.78446 0.00730687 -2.39949e-22
3.78446 0.0155485 -1.63177e-23
3.78446 0.0224625 2.66032e-22
3.78446 0.0292844 2.70705e-22
3.79038 0.00729251 -1.07864e-14
3.79038 0.0155849 -8.04651e-14
3.79038 0.022479 6.25796e-14
3.79038 0.029251 -1.84639e-15
3.7963 0.00727825 -2.27195e-14
3.7963 0.0156213 3.14923e-15
3.7963 0.0224955 1.53623e-14
3.7963 0.0292175 -4.49298e-17
3.80222 0.00726406 -7.45789e-14
3.80222 0.0156578 -9.65503e-14
3.80222 0.0225119 3.66511e-13
3.80222 0.029184 -4.09359e-13
3.80815 0.00724995 -5.53922e-14
3.80815 0.0156944 -4.09086e-13
3.80815 0.0225283 3.41611e-14
3.80815 0.0291505 4.10912e-14
3.81407 0.00723592 -2.677e-13
3.81407 0.015731 -2.34995e-12
3.81407 0.0225447 -1.29782e-13
3.81407 0.0291168 7.80962e-13
3.81999 0.00722197 -1.0884e-22
3.81999 0.0157678 3.60131e-23
3.81999 0.022561 1.0938e-22
3.81999 0.0290832 -5.95726e-21
3.82591 0.00720809 2.23217e-19
3.82591 0.0158046 2.74147e-12
3.82591 0.0225773 7.78652e-11
3.82591 0.0290494 4.82025e-16
3.83184 0.00719431 3.24967e-22
3.83184 0.0158416 -1.59766e-23
3.83184 0.0225935 -2.99877e-22
3.83184 0.0290156 1.28628e-22
3.83776 0.00718058 1.54918e-21
3.83776 0.0158785 -2.10865e-24
3.83776 0.0226097 -1.53986e-21
3.83776 0.0289818 -3.30948e-24
3.84368 0.00716707 -3.26255e-21
3.84368 0.0159156 2.94566e-26
3.84368 0.0226258 2.96802e-21
3.84368 0.0289479 -4.57016e-23
3.8496 0.00715337 2.02572e-13
3.8496 0.0159528 -8.56389e-13
3.8496 0.022642 2.08091e-11
3.8496 0.0289144 1.29664e-11
3.85553 0.00714004 -2.73518e-21
3.85553 0.0159901 1.33868e-21
3.85553 0.0226581 -6.37728e-22
3.85553 0.0288799 -6.48589e-21
3.86145 0.00712685 -6.57727e-21
3.86145 0.0160273 -5.67993e-21
3.86145 0.0226737 6.76169e-21
3.86145 0.0288461 -4.06875e-20
3.86737 0.00711318 4.50793e-12
3.86737 0.0160647 -1.98976e-10
3.86737 0.02269 -1.35203e-10
3.86737 0.0288117 -5.69704e-11
3.87329 0.00709983 4.39912e-20
3.87329 0.0161021 1.27575e-23
3.87329 0.0227061 -4.14153e-20
3.87329 0.0287774 1.22099e-23
3.87922 0.00708679 -7.81469e-12
3.87922 0.0161397 1.54556e-10
3.87922 0.0227218 -4.57603e-11
3.87922 0.0287434 1.17528e-09
3.88514 0.00707371 6.34371e-22
3.88514 0.0161773 -1.34217e-21
3.88514 0.0227376 -1.49033e-22
3.88514 0.0287087 5.03967e-21
3.89106 0.00706074 -1.19943e-21
3.89106 0.0162149 -9.64076e-21
3.89106 0.0227533 1.36427e-20
3.89106 0.0286746 -1.11258e-20
3.89698 0.00704783 -6.0247e-22
3.89698 0.0162527 -4.43687e-24
3.89698 0.0227691 5.96794e-22
3.89698 0.0286398 3.60264e-23
3.90291 0.00703494 6.51333e-21
3.90291 0.0162905 -5.78793e-23
3.90291 0.0227848 -6.49009e-21
3.90291 0.0286052 9.06457e-22
3.90883 0.00702222 2.24496e-21
3.90883 0.0163285 1.14401e-21
3.90883 0.0228004 -6.29078e-21
3.90883 0.0285706 1.40975e-20
3.91475 0.00700947 -9.34753e-12
3.91475 0.0163664 5.09121e-13
3.91475 0.022816 -1.64164e-11
3.91475 0.0285359 -7.36039e-13
3.92067 0.00699698 -2.42092e-19
3.92067 0.0164045 2.85659e-21
3.92067 0.0228313 1.86109e-19
3.92067 0.0285011 -5.42714e-21
3.9266 0.00698448 2.25817e-13
3.9266 0.0164426 -3.22414e-12
3.9266 0.0228467 5.21316e-11
3.9266 0.0284662 -1.36818e-16
3.93252 0.00697207 -2.34877e-15
3.93252 0.0164808 -3.75832e-13
3.93252 0.0228621 9.52586e-15
3.93252 0.0284313 3.28549e-13
3.93844 0.00695962 9.42649e-12
3.93844 0.0165191 7.99895e-13
3.93844 0.0228775 -1.09829e-11
3.93844 0.0283963 -9.56313e-12
3.94436 0.00694732 5.95212e-21
3.94436 0.0165574 -2.19104e-22
3.94436 0.0228928 -5.65501e-21
3.94436 0.0283612 -7.17738e-22
3.95029 0.00693531 -7.03495e-14
3.95029 0.0165958 -4.05528e-16
3.95029 0.0229077 1.04573e-13
3.95029 0.028326 -1.03541e-13
3.95621 0.00692311 -6.5602e-13
3.95621 0.0166343 -2.13295e-14
3.95621 0.0229229 9.53791e-13
3.95621 0.0282908 2.4911e-15
3.96213 0.00691123 -8.1448e-10
3.96213 0.0166728 1.02596e-10
3.96213 0.0229377 7.74995e-11
3.96213 0.0282555 -7.01497e-13
3.96805 0.00689931 5.88913e-18
3.96805 0.0167114 -2.01941e-18
3.96805 0.0229527 -3.16563e-18
3.96805 0.0282201 3.29854e-20
3.97398 0.00688743 4.7762e-21
3.97398 0.0167501 -4.3964e-23
3.97398 0.0229676 -4.02358e-21
3.97398 0.0281846 -3.00628e-24
3.9799 0.00687575 3.80373e-11
3.9799 0.0167889 3.76943e-10
3.9799 0.0229822 4.14066e-10
3.9799 0.0281493 1.04049e-09
3.98582 0.00686407 -2.59133e-10
3.98582 0.0168276 7.10859e-13
3.98582 0.022997 -5.93593e-13
3.98582 0.0281134 9.07667e-15
3.99174 0.00685251 3.34705e-22
3.99174 0.0168665 -7.22788e-23
3.99174 0.0230116 -1.69905e-22
3.99174 0.0280777 1.14693e-22
3.99766 0.00684102 4.98149e-16
3.99766 0.0169055 1.23885e-15
3.99766 0.0230262 -9.71541e-16
3.99766 0.0280419 -1.22744e-15
4.00359 0.00682961 -3.34414e-11
4.00359 0.0169444 -2.78789e-11
4.00359 0.0230406 6.15498e-11
4.00359 0.0280061 1.30043e-11
4.00951 0.00681831 2.33181e-11
4.00951 0.0169835 8.3933e-11
4.00951 0.023055 -2.43662e-11
4.00951 0.0279701 3.34882e-12
4.01543 0.00680706 -5.03552e-13
4.01543 0.0170226 5.53404e-15
4.01543 0.0230693 8.46956e-13
4.01543 0.0279341 2.93546e-14
4.02135 0.00679591 -2.26548e-21
4.02135 0.0170618 1.79538e-21
4.02135 0.0230835 4.90704e-22
4.02135 0.027898 -1.14847e-23
4.02728 0.00678486 3.59808e-22
4.02728 0.017101 7.48765e-22
4.02728 0.0230977 3.54878e-22
4.02728 0.0278617 -2.52289e-20
4.0332 0.00677387 -1.31049e-21
4.0332 0.0171404 1.40347e-21
4.0332 0.0231117 2.25903e-22
4.0332 0.0278255 1.42176e-22
4.03912 0.00676299 -2.43562e-11
4.03912 0.0171797 -1.75344e-12
4.03912 0.0231257 3.08219e-12
4.03912 0.0277891 7.93784e-12
4.04504 0.00675219 -7.70029e-15
4.04504 0.0172191 2.77851e-13
4.04504 0.0231395 -2.77608e-13
4.04504 0.0277527 1.22956e-13
4.05097 0.00674147 4.97073e-22
4.05097 0.0172586 -1.02102e-22
4.05097 0.0231533 -3.52616e-22
4.05097 0.0277162 8.67002e-21
4.05689 0.00673085 3.60393e-11
4.05689 0.0172981 7.03069e-11
4.05689 0.023167 -5.27217e-11
4.05689 0.0276796 2.48808e-13
4.06281 0.00672029 1.20677e-10
4.06281 0.0173377 -1.51753e-10
4.06281 0.0231806 3.49228e-11
4.06281 0.0276429 1.21294e-11
4.06873 0.00670985 -4.79729e-14
4.06873 0.0173773 3.10889e-15
4.06873 0.0231942 4.57372e-14
4.06873 0.0276061 6.20682e-15
4.07466 0.00669948 1.64397e-12
4.07466 0.017417 8.06906e-12
4.07466 0.0232076 -9.72021e-12
4.07466 0.0275693 -2.70988e-13
4.08058 0.0066892 -4.77812e-13
4.08058 0.0174568 -2.05893e-13
4.08058 0.0232209 7.67545e-13
4.08058 0.0275323 -5.37215e-14
4.0865 0.00667901 -1.36962e-21
4.0865 0.0174965 -2.84669e-21
4.0865 0.0232341 4.31229e-21
4.0865 0.0274953 1.76422e-23
4.09242 0.0066689 -1.44425e-21
4.09242 0.0175364 -9.93784e-22
4.09242 0.0232473 2.43603e-21
4.09242 0.0274582 1.99828e-22
4.09835 0.0066589 -2.54513e-18
4.09835 0.0175763 -3.14138e-16
4.09835 0.0232603 4.10196e-16
4.09835 0.0274211 6.69892e-17
4.10427 0.00664897 7.78235e-12
4.10427 0.0176162 -2.04416e-10
4.10427 0.0232733 1.9682e-10
4.10427 0.0273838 -1.94443e-11
4.11019 0.00663944 5.5321e-17
4.11019 0.0176562 2.74023e-18
4.11019 0.0232859 1.23015e-16
4.11019 0.0273465 4.00562e-17
4.11611 0.00662974 -3.99537e-22
4.11611 0.0176962 2.89923e-23
4.11611 0.0232986 1.81234e-21
4.11611 0.0273091 8.80144e-23
4.12204 0.00661991 -8.72616e-12
4.12204 0.0177363 2.52399e-16
4.12204 0.0233114 3.11008e-12
4.12204 0.0272716 -1.60251e-14
4.12796 0.00661015 2.11583e-10
4.12796 0.017776 -6.10801e-08
4.12796 0.0233089 1.4922e-08
4.12796 0.0272324 -3.24744e-09
4.13388 0.00660084 6.08049e-13
4.13388 0.0178165 -1.72689e-15
4.13388 0.0233364 -1.23716e-13
4.13388 0.0271964 2.61663e-16
4.1398 0.00659159 2.52078e-14
4.1398 0.0178567 -1.94377e-16
4.1398 0.0233486 6.13123e-15
4.1398 0.0271587 1.27159e-15
4.14573 0.00658196 8.26496e-22
4.14573 0.0178969 -1.34412e-21
4.14573 0.023361 7.78914e-22
4.14573 0.027121 -1.15794e-21
4.15165 0.00657276 9.83891e-13
4.15165 0.0179372 2.67424e-12
4.15165 0.0233731 -4.01387e-13
4.15165 0.0270831 -1.95647e-12
4.15757 0.00656363 1.48215e-11
4.15757 0.0179775 1.05463e-11
4.15757 0.0233852 -2.44135e-11
4.15757 0.0270452 1.60091e-12
4.16349 0.0065546 -3.89886e-13
4.16349 0.0180178 2.21354e-12
4.16349 0.0233971 -1.48371e-12
4.16349 0.0270072 7.49265e-13
4.16942 0.00654565 1.17121e-12
4.16942 0.0180582 -1.00741e-12
4.16942 0.0234089 3.5516e-13
4.16942 0.0269691 -1.15184e-12
4.17534 0.00653702 2.91346e-11
4.17534 0.0180986 5.32807e-13
4.17534 0.0234205 -5.68113e-12
4.17534 0.026931 9.23149e-13
4.18126 0.00652802 3.859e-15
4.18126 0.018139 -7.97132e-15
4.18126 0.0234322 3.18099e-15
4.18126 0.0268928 -2.73294e-14
4.18718 0.00651936 1.53638e-11
4.18718 0.0181794 -2.21372e-12
4.18718 0.0234436 -1.30762e-11
4.18718 0.0268546 -2.10173e-12
4.19311 0.00651075 1.86767e-12
4.19311 0.0182199 -1.59172e-11
4.19311 0.023455 1.37329e-12
4.19311 0.0268162 2.66482e-12
4.19903 0.00650228 1.46985e-11
4.19903 0.0182604 4.5133e-13
4.19903 0.0234663 1.16394e-13
4.19903 0.0267779 2.72539e-13
4.20495 0.00649387 2.42918e-13
4.20495 0.0183009 -1.29953e-12
4.20495 0.0234774 1.54065e-12
4.20495 0.0267394 1.63493e-14
4.21087 0.00648563 -8.89966e-22
4.21087 0.0183414 -6.09539e-24
4.21087 0.0234884 3.6158e-22
4.21087 0.0267009 9.30292e-22
4.2168 0.0064774 -8.45194e-12
4.2168 0.018382 -1.27716e-14
4.2168 0.0234993 1.51442e-12
4.2168 0.0266624 -7.60732e-13
4.22272 0.0064692 1.13174e-22
4.22272 0.0184225 -9.381e-23
4.22272 0.0235102 -1.33058e-23
4.22272 0.0266238 -2.32772e-23
4.22864 0.00646133 3.47618e-22
4.22864 0.0184631 1.2832e-22
4.22864 0.0235208 -5.89018e-23
4.22864 0.0265851 1.06749e-21
4.23456 0.0064533 9.40176e-12
4.23456 0.0185037 -2.53832e-15
4.23456 0.0235314 -1.28746e-12
4.23456 0.0265464 1.1742e-12
4.24049 0.00644582 -2.63084e-11
4.24049 0.0185443 -3.84452e-17
4.24049 0.0235417 6.05125e-12
4.24049 0.0265076 -3.98127e-15
4.24641 0.00643758 -4.49342e-17
4.24641 0.0185849 1.31215e-16
4.24641 0.0235522 -1.17507e-16
4.24641 0.0264689 -9.57308e-18
4.25233 0.00643021 1.97458e-22
4.25233 0.0186255 -9.81834e-24
4.25233 0.0235624 4.04448e-22
4.25233 0.02643 3.47817e-21
4.25825 0.00642233 1.85579e-21
4.25825 0.0186661 5.52533e-22
4.25825 0.0235726 1.8475e-22
4.25825 0.0263911 -4.33326e-24
4.26418 0.00641521 -3.08562e-09
4.26418 0.0187067 -2.45235e-14
4.26418 0.0235824 7.25682e-10
4.26418 0.0263522 1.25944e-11
4.2701 0.00640743 4.87057e-12
4.2701 0.0187473 -7.127e-11
4.2701 0.0235924 6.2848e-11
4.2701 0.0263133 -5.75959e-12
4.27602 0.00640058 -2.2644e-12
4.27602 0.0187879 -1.52644e-12
4.27602 0.0236021 1.14024e-12
4.27602 0.0262746 4.50065e-12
4.28194 0.00639344 9.47762e-09
4.28194 0.0188284 3.6118e-11
4.28194 0.0236117 -1.79202e-09
4.28194 0.0262353 -1.35678e-09
4.28787 0.00638578 -3.41132e-13
4.28787 0.018869 6.24192e-13
4.28787 0.0236213 -2.50133e-13
4.28787 0.0261963 2.25049e-14
4.29379 0.00637919 -1.30111e-18
4.29379 0.0189095 3.13751e-21
4.29379 0.0236306 2.42907e-19
4.29379 0.0261572 2.7453e-20
4.29971 0.00637238 -1.98294e-13
4.29971 0.0189501 -9.7809e-13
4.29971 0.0236399 4.00875e-13
4.29971 0.0261182 6.52106e-12
4.30563 0.00636496 -4.88763e-23
4.30563 0.0189906 -2.51933e-24
4.30563 0.0236491 2.06797e-22
4.30563 0.0260791 6.27962e-24
4.31156 0.00635856 1.46945e-11
4.31156 0.019031 6.24173e-15
4.31156 0.0236581 -2.92742e-12
4.31156 0.02604 -5.35907e-14
4.31748 0.00635199 -8.27383e-22
4.31748 0.0190715 2.22956e-23
4.31748 0.023667 6.44705e-22
4.31748 0.0260009 -1.47881e-22
4.3234 0.00634541 5.23079e-11
4.3234 0.0191119 -1.62772e-12
4.3234 0.0236758 -8.29417e-12
4.3234 0.0259619 1.66626e-10
4.32932 0.0063392 6.73067e-11
4.32932 0.0191523 -1.12663e-13
4.32932 0.0236844 -1.0435e-11
4.32932 0.0259228 -4.62664e-12
4.33525 0.00633265 5.35563e-22
4.33525 0.0191926 1.42174e-22
4.33525 0.023693 3.81416e-22
4.33525 0.0258837 7.73504e-22
4.34117 0.00632645 4.06654e-23
4.34117 0.0192329 7.93915e-23
4.34117 0.0237014 2.61656e-22
4.34117 0.0258447 -2.41239e-23
4.34709 0.00632016 -4.72159e-22
4.34709 0.0192731 8.63592e-24
4.34709 0.0237097 4.30404e-22
4.34709 0.0258056 -2.15086e-23
4.35301 0.00631419 -1.39657e-21
4.35301 0.0193132 1.80162e-22
4.35301 0.0237179 6.52346e-22
4.35301 0.0257666 -7.09719e-22
4.35894 0.00630789 -5.48135e-22
4.35894 0.0193533 1.04757e-22
4.35894 0.023726 3.18481e-22
4.35894 0.0257276 8.3342e-22
4.36486 0.0063021 -5.68712e-10
4.36486 0.0193934 -5.80017e-12
4.36486 0.0237339 4.40001e-11
4.36486 0.0256887 -2.55361e-11
4.37078 0.00629575 -8.3344e-12
4.37078 0.0194333 5.8255e-14
4.37078 0.0237417 9.0313e-13
4.37078 0.0256498 5.20388e-11
4.3767 0.00629138 -4.78625e-10
4.3767 0.0194732 1.69391e-14
4.3767 0.0237493 2.4519e-11
4.3767 0.0256109 2.15425e-12
4.38263 0.00628437 -4.74965e-11
4.38263 0.019513 8.71187e-11
4.38263 0.023757 -7.62885e-11
4.38263 0.0255721 -8.60169e-12
4.38855 0.00627988 -3.53637e-10
4.38855 0.0195527 -3.03662e-12
4.38855 0.0237643 2.24086e-11
4.38855 0.0255334 -1.77269e-11
4.39447 0.00627448 -3.19218e-10
4.39447 0.0195923 -7.7749e-11
4.39447 0.0237716 3.85488e-11
4.39447 0.0254947 3.66018e-11
4.40039 0.00626858 -6.31976e-11
4.40039 0.0196318 4.73964e-14
4.40039 0.0237788 1.35223e-12
4.40039 0.0254562 -7.51398e-12
4.40632 0.00626273 1.23706e-11
4.40632 0.0196712 1.17691e-11
4.40632 0.0237859 -2.93893e-11
4.40632 0.0254176 4.32403e-12
4.41224 0.00625842 5.44693e-11
4.41224 0.0197105 7.3564e-14
4.41224 0.0237927 -7.4171e-12
4.41224 0.0253792 4.85336e-14
4.41816 0.00625286 -2.95072e-11
4.41816 0.0197496 -3.04845e-13
4.41816 0.0237996 2.03142e-12
4.41816 0.0253409 -1.28639e-12
4.42408 0.00624836 -9.40842e-22
4.42408 0.0197886 6.53489e-23
4.42408 0.0238062 3.46335e-22
4.42408 0.0253027 1.45098e-22
4.43001 0.0062435 -1.15354e-11
4.43001 0.0198275 2.39632e-10
4.43001 0.0238127 -1.00642e-10
4.43001 0.0252646 -1.4345e-11
4.43593 0.00623829 3.03092e-11
4.43593 0.0198661 -8.58061e-13
4.43593 0.0238192 -6.97339e-13
4.43593 0.0252267 -3.08066e-12
4.44185 0.00623368 -1.64908e-22
4.44185 0.0199047 -3.21198e-23
4.44185 0.0238254 2.017e-22
4.44185 0.0251889 1.84093e-22
4.44777 0.00622941 1.33659e-22
4.44777 0.019943 6.11283e-24
4.44777 0.0238316 1.80818e-22
4.44777 0.0251512 -7.15484e-23
4.45369 0.0062247 -4.75109e-22
4.45369 0.0199812 1.60289e-23
4.45369 0.0238376 3.30908e-22
4.45369 0.0251137 1.22513e-21
4.45962 0.00622055 -7.11077e-22
4.45962 0.0200192 -1.0719e-21
4.45962 0.0238435 7.95252e-22
4.45962 0.0250764 1.34889e-21
4.46554 0.00621608 -6.18104e-22
4.46554 0.0200569 -3.52965e-23
4.46554 0.0238493 3.71749e-22
4.46554 0.0250392 -7.96832e-22
4.47146 0.00621101 -6.47422e-23
4.47146 0.0200945 5.49733e-22
4.47146 0.023855 -5.35859e-22
4.47146 0.0250023 1.7419e-21
4.47738 0.00620687 -4.8124e-14
4.47738 0.0201318 -5.01337e-12
4.47738 0.0238605 8.38832e-12
4.47738 0.0249656 -6.03017e-14
4.48331 0.00620283 2.73818e-22
4.48331 0.0201688 -2.69254e-21
4.48331 0.0238659 2.24782e-21
4.48331 0.0249291 -2.36355e-22
4.48923 0.00619888 2.86934e-22
4.48923 0.0202056 1.01429e-21
4.48923 0.0238711 -1.32225e-21
4.48923 0.0248929 -3.86403e-23
4.49515 0.00619502 -1.65159e-12
4.49515 0.0202421 1.38284e-10
4.49515 0.0238763 -2.20703e-10
4.49515 0.0248569 3.44221e-12
4.50107 0.00619201 -2.76184e-11
4.50107 0.0202783 -6.89241e-15
4.50107 0.0238812 -5.64182e-13
4.50107 0.0248212 -1.05526e-13
4.507 0.0061876 4.70149e-12
4.507 0.0203142 -5.80244e-10
4.507 0.0238861 5.66028e-10
4.507 0.0247858 4.75696e-12
4.51292 0.00618403 -1.92201e-11
4.51292 0.0203498 2.82703e-11
4.51292 0.0238909 -5.68988e-12
4.51292 0.0247507 -2.62122e-11
4.51884 0.00618055 -5.45415e-22
4.51884 0.020385 -4.00939e-22
4.51884 0.0238955 9.12079e-22
4.51884 0.0247159 8.33511e-24
4.52476 0.00617718 -7.96498e-12
4.52476 0.0204199 -2.10088e-12
4.52476 0.0238999 9.73428e-12
4.52476 0.0246815 9.71715e-13
4.53069 0.00617459 1.00467e-14
4.53069 0.0204543 -4.41179e-17
4.53069 0.0239043 1.3725e-16
4.53069 0.0246475 -2.63152e-16
4.53661 0.00617069 1.56647e-12
4.53661 0.0204883 -3.08383e-12
4.53661 0.0239085 1.6655e-12
4.53661 0.0246139 -1.57756e-11
4.54253 0.00616759 -1.14869e-19
4.54253 0.0205219 6.08327e-14
4.54253 0.0239126 -1.10427e-13
4.54253 0.0245807 -1.60749e-12
4.54845 0.00616459 -1.32696e-18
4.54845 0.0205551 1.28629e-14
4.54845 0.0239165 -7.80924e-14
4.54845 0.024548 -9.46389e-13
4.55438 0.00616169 1.03914e-14
4.55438 0.0205877 9.68153e-15
4.55438 0.0239203 -6.75704e-14
4.55438 0.0245158 -8.95967e-14
4.5603 0.00615887 4.23479e-10
4.5603 0.0206198 -3.5378e-11
4.5603 0.023924 1.16203e-10
4.5603 0.024484 2.04475e-11
4.56622 0.00615616 -1.87648e-12
4.56622 0.0206514 1.6828e-12
4.56622 0.0239275 -1.21243e-11
4.56622 0.0244528 4.09906e-11
4.57214 0.00615353 -5.43709e-22
4.57214 0.0206824 3.20372e-22
4.57214 0.0239309 5.04805e-20
4.57214 0.0244222 -8.12222e-20
4.57807 0.00615101 7.77143e-13
4.57807 0.0207127 1.68028e-12
4.57807 0.0239342 -1.22259e-12
4.57807 0.0243922 1.688e-12
4.58399 0.00614858 -2.227e-10
4.58399 0.0207425 -2.86754e-12
4.58399 0.0239373 -6.65405e-11
4.58399 0.0243628 1.85429e-11
4.58991 0.00614624 -7.96222e-13
4.58991 0.0207715 -4.46335e-12
4.58991 0.0239403 -2.14893e-12
4.58991 0.0243342 -6.9736e-10
4.59583 0.00614539 -4.4831e-09
4.59583 0.0207999 -6.31946e-13
4.59583 0.0239431 3.68605e-11
4.59583 0.0243062 3.69619e-11
4.60176 0.00614185 3.79507e-13
4.60176 0.0208275 7.55102e-13
4.60176 0.0239458 -2.38679e-11
4.60176 0.024279 4.03315e-11
4.60768 0.00614108 5.77206e-09
4.60768 0.0208543 2.92438e-16
4.60768 0.0239483 -1.06247e-11
4.60768 0.0242526 -3.76405e-12
4.6136 0.00613823 -7.57472e-20
4.6136 0.0208803 2.58941e-23
4.6136 0.0239506 6.78503e-22
4.6136 0.0242271 -5.439e-23
4.61952 0.00613651 -1.76575e-13
4.61952 0.0209054 -1.12658e-14
4.61952 0.0239528 9.36359e-13
4.61952 0.0242025 -2.36102e-12
4.62545 0.00613465 -5.01595e-20
4.62545 0.0209295 -2.15186e-23
4.62545 0.0239548 2.28812e-22
4.62545 0.0241789 2.54696e-23
4.63137 0.0061328 1.28372e-13
4.63137 0.0209528 6.81626e-14
4.63137 0.0239566 2.60803e-13
4.63137 0.0241562 -2.80247e-14
4.63729 0.00613135 6.52224e-14
4.63729 0.020975 2.41867e-13
4.63729 0.0239581 1.01302e-13
4.63729 0.0241347 1.6294e-14
4.64321 0.0061298 -5.3866e-21
4.64321 0.0209962 1.67029e-23
4.64321 0.0239594 1.9748e-21
4.64321 0.0241143 -3.58423e-21
4.64914 0.00612838 -1.13881e-19
4.64914 0.0210162 2.61723e-22
4.64914 0.0239604 1.00086e-21
4.64914 0.0240952 -2.09704e-21
4.65506 0.00612695 2.12186e-13
4.65506 0.0210352 8.53949e-13
4.65506 0.0239611 2.81564e-12
4.65506 0.0240775 4.56549e-13
4.66098 0.00612576 -1.34035e-19
4.66098 0.0210529 -2.6688e-13
4.66098 0.0239613 1.45989e-12
4.66098 0.0240612 -7.74821e-13
4.6669 0.00612457 -4.17506e-11
4.6669 0.0210695 -1.45822e-14
4.6669 0.0239609 1.71654e-13
4.6669 0.0240466 2.32902e-12
4.67283 0.00612367 4.02306e-10
4.67283 0.0210847 -4.14921e-13
4.67283 0.0239598 1.17857e-12
4.67283 0.0240338 -1.60292e-10
4.67875 0.00612271 9.14225e-10
4.67875 0.0210987 1.27436e-11
4.67875 0.0239579 -1.69337e-12
4.67875 0.024023 5.07742e-12
4.68467 0.00612192 -5.71542e-11
4.68467 0.0211113 3.6311e-14
4.68467 0.0239551 8.81013e-14
4.68467 0.0240144 3.72137e-12
4.69059 0.00612122 2.0563e-12
4.69059 0.0211225 1.93556e-13
4.69059 0.0239515 -2.53298e-12
4.69059 0.0240079 3.48273e-11
4.69652 0.00612039 -2.45001e-10
4.69652 0.0211323 6.23444e-14
4.69652 0.0239472 -4.49207e-13
4.69652 0.0240032 3.98155e-13
4.70244 0.00612003 -1.26332e-10
4.70244 0.0211406 -6.12575e-13
4.70244 0.0239429 -5.01116e-13
4.70244 0.024 -2.13629e-13
4.70836 0.00611962 -3.77011e-20
4.70836 0.0211475 -2.55117e-22
4.70836 0.0239387 -2.14402e-22
4.70836 0.0239979 1.79958e-21
4.71428 0.00611925 -3.60605e-11
4.71428 0.0211528 9.6463e-14
4.71428 0.0239352 -1.02151e-13
4.71428 0.0239965 2.68416e-13
4.72021 0.00611919 -5.86836e-20
4.72021 0.0211567 3.2071e-23
4.72021 0.0239326 2.2721e-22
4.72021 0.0239956 3.90443e-21
4.72613 0.00611938 -1.02548e-09
4.72613 0.021159 4.70511e-15
4.72613 0.0239309 -1.46895e-12
4.72613 0.0239952 -1.65672e-12
4.73205 0.00611876 3.99818e-23
4.73205 0.0211597 -1.15816e-10
4.73205 0.0239304 4.08065e-16
4.73205 0.023995 -2.0184e-09
