0 0.0045519 -9.81672e-20
0 0.0180542 -1.42945e-14
0.00427311 0.00455193 9.47293e-11
0.00427311 0.0180535 1.28728e-14
0.00854622 0.00455205 5.06471e-11
0.00854622 0.0180513 -3.57282e-14
0.0128193 0.00455237 6.61788e-22
0.0128193 0.0180477 2.50469e-19
0.0170924 0.00455262 -6.53468e-11
0.0170924 0.0180427 2.52177e-12
0.0213655 0.00455317 5.66064e-11
0.0213655 0.0180362 -7.75075e-15
0.0256387 0.00455374 9.67237e-11
0.0256387 0.0180284 -6.74474e-11
0.0299118 0.00455444 5.83969e-12
0.0299118 0.0180191 1.46504e-12
0.0341849 0.00455517 -6.15993e-13
0.0341849 0.0180086 1.6991e-11
0.038458 0.0045561 8.72409e-11
0.038458 0.0179967 1.25907e-11
0.0427311 0.00455708 -2.13665e-14
0.0427311 0.0179835 -3.12684e-12
0.0470042 0.00455817 1.5261e-13
0.0470042 0.017969 -1.5958e-12
0.0512773 0.00455936 4.50787e-14
0.0512773 0.0179534 -6.60611e-14
0.0555504 0.0045607 -2.16027e-10
0.0555504 0.0179365 1.02392e-12
0.0598235 0.00456205 -1.18996e-21
0.0598235 0.0179185 2.26088e-19
0.0640966 0.00456354 5.96373e-22
0.0640966 0.0178993 2.2341e-19
0.0683697 0.00456538 -5.00097e-10
0.0683697 0.0178791 6.87036e-12
0.0726428 0.00456713 -1.60105e-09
0.0726428 0.0178579 1.57026e-11
0.076916 0.00456866 2.05968e-14
0.076916 0.0178356 3.49989e-16
0.0811891 0.00457083 -4.68785e-19
0.0811891 0.0178124 2.39286e-19
0.0854622 0.00457258 2.45629e-13
0.0854622 0.0177883 5.96846e-13
0.0897353 0.00457483 -1.05918e-19
0.0897353 0.0177633 2.53076e-19
0.0940084 0.00457716 -5.87951e-21
0.0940084 0.0177374 2.05351e-19
0.0982815 0.00457924 3.7709e-22
0.0982815 0.0177107 2.00448e-19
0.102555 0.00458166 2.15646e-21
0.102555 0.0176836 -1.09991e-19
0.106828 0.00458418 -1.30058e-20
0.106828 0.0176553 4.30195e-19
0.111101 0.00458702 2.3431e-10
0.111101 0.0176262 -1.15733e-12
0.115374 0.00458954 -2.4298e-19
0.115374 0.0175966 -3.04384e-12
0.119647 0.00459251 -3.573e-19
0.119647 0.0175664 1.73688e-19
0.12392 0.0045953 -3.48879e-23
0.12392 0.0175355 1.75795e-19
0.128193 0.00459833 -6.64643e-21
0.128193 0.0175041 1.71126e-19
0.132466 0.00460147 -1.2229e-13
0.132466 0.0174721 1.01916e-13
0.136739 0.0046047 -1.12532e-21
0.136739 0.0174395 1.69426e-19
0.141013 0.00460804 -1.09286e-21
0.141013 0.0174065 -1.71326e-19
0.145286 0.00461148 -5.68022e-22
0.145286 0.0173729 3.88209e-19
0.149559 0.00461511 2.72893e-21
0.149559 0.017339 2.15272e-19
0.153832 0.00461867 -2.29291e-12
0.153832 0.0173045 1.23348e-12
0.158105 0.00462239 -6.55023e-12
0.158105 0.0172697 -7.73651e-10
0.162378 0.00462623 2.34463e-21
0.162378 0.0172345 1.48082e-19
0.166651 0.00463017 -9.7315e-13
0.166651 0.0171989 -1.29154e-10
0.170924 0.00463421 -6.42608e-20
0.170924 0.0171629 1.46554e-19
0.175197 0.00463836 5.35812e-16
0.175197 0.0171266 1.16963e-10
0.179471 0.00464258 9.13574e-11
0.179471 0.01709 -2.99953e-11
0.183744 0.00464693 4.34355e-10
0.183744 0.0170531 1.08138e-08
0.188017 0.00465135 -1.23161e-21
0.188017 0.0170159 1.12935e-19
0.19229 0.00465588 3.9343e-12
0.19229 0.0169784 -6.80245e-11
0.196563 0.00466051 3.10041e-13
0.196563 0.0169407 8.65172e-14
0.200836 0.00466524 1.01487e-15
0.200836 0.0169027 5.50963e-11
0.205109 0.00467008 7.66635e-11
0.205109 0.0168645 -3.04515e-10
0.209382 0.00467499 -2.66772e-14
0.209382 0.0168261 3.64035e-14
0.213655 0.00468001 9.59448e-15
0.213655 0.0167873 2.69902e-10
0.217929 0.00468512 -4.38343e-12
0.217929 0.0167487 -3.78403e-09
0.222202 0.00469034 9.08976e-13
0.222202 0.0167097 5.16326e-10
0.226475 0.00469565 -1.8789e-14
0.226475 0.0166705 -1.44402e-09
0.230748 0.00470105 -2.28139e-13
0.230748 0.0166312 -1.58052e-11
0.235021 0.00470656 3.03313e-12
0.235021 0.0165918 -8.81634e-13
0.239294 0.00471215 6.11009e-14
0.239294 0.0165522 -1.36623e-09
0.243567 0.00471784 -2.8747e-12
0.243567 0.0165125 3.21798e-10
0.24784 0.00472363 1.03573e-12
0.24784 0.0164726 2.19761e-11
0.252113 0.00472951 3.32845e-17
0.252113 0.0164327 1.01983e-11
0.256387 0.00473548 8.83158e-12
0.256387 0.0163927 -1.8929e-11
0.26066 0.00474155 2.00013e-12
0.26066 0.0163525 -4.53277e-10
0.264933 0.00474771 2.38456e-12
0.264933 0.0163123 5.13097e-11
0.269206 0.00475396 -4.3522e-11
0.269206 0.0162721 3.96438e-09
0.273479 0.00476031 5.16486e-12
0.273479 0.0162316 -2.20657e-12
0.277752 0.00476678 1.07149e-09
0.277752 0.0161912 -5.0065e-10
0.282025 0.00477328 5.74355e-10
0.282025 0.0161508 -1.44967e-07
0.286298 0.0047799 1.17282e-12
0.286298 0.0161102 8.27542e-13
0.290571 0.00478661 -1.02425e-10
0.290571 0.0160696 3.51146e-10
0.294844 0.00479342 8.1949e-12
0.294844 0.0160289 1.40323e-09
0.299118 0.00480031 4.1516e-19
0.299118 0.0159884 4.61526e-15
0.303391 0.00480729 1.73983e-13
0.303391 0.0159477 -9.51258e-13
0.307664 0.00481436 5.31224e-16
0.307664 0.015907 -2.32877e-12
0.311937 0.00482152 9.0737e-14
0.311937 0.0158664 -3.29411e-11
0.31621 0.00482876 -3.08118e-18
0.31621 0.0158256 -3.56723e-15
0.320483 0.0048361 -1.02765e-11
0.320483 0.0157849 -7.66162e-10
0.324756 0.00484351 -7.63192e-12
0.324756 0.0157442 2.13985e-10
0.329029 0.00485102 -1.2312e-09
0.329029 0.0157036 4.46595e-09
0.333302 0.0048586 -7.20082e-11
0.333302 0.0156629 1.62203e-10
0.337576 0.0048663 6.23178e-12
0.337576 0.0156222 -6.86323e-11
0.341849 0.00487406 8.37109e-12
0.341849 0.0155816 -9.38285e-09
0.346122 0.0048819 -5.48736e-21
0.346122 0.015541 2.03054e-18
0.350395 0.00488984 1.63552e-21
0.350395 0.0155004 -1.03157e-19
0.354668 0.00489785 2.81237e-21
0.354668 0.0154598 7.26718e-20
0.358941 0.00490594 1.82978e-12
0.358941 0.0154193 -4.99415e-11
0.363214 0.00491412 -1.57349e-21
0.363214 0.0153789 3.62624e-20
0.367487 0.00492238 1.66767e-20
0.367487 0.0153384 2.29822e-19
0.37176 0.00493072 -1.59791e-10
0.37176 0.0152981 -1.21535e-10
0.376034 0.00493913 1.01899e-09
0.376034 0.0152578 -7.56797e-09
0.380307 0.00494764 -4.75356e-23
0.380307 0.0152175 -8.82165e-20
0.38458 0.00495622 2.51761e-17
0.38458 0.0151773 1.6587e-11
0.388853 0.00496487 2.4974e-20
0.388853 0.0151372 -4.8148e-20
0.393126 0.0049736 -1.13406e-21
0.393126 0.0150971 1.88514e-20
0.397399 0.00498241 9.76366e-13
0.397399 0.0150571 1.31722e-10
0.401672 0.0049913 1.16289e-10
0.401672 0.0150172 1.8362e-11
0.405945 0.00500025 -7.75663e-23
0.405945 0.0149774 -1.04168e-19
0.410218 0.00500929 -7.19837e-11
0.410218 0.0149376 4.94166e-12
0.414492 0.00501839 -1.63676e-20
0.414492 0.014898 8.24535e-21
0.418765 0.00502757 2.05626e-15
0.418765 0.0148584 -7.75731e-12
0.423038 0.00503682 3.78554e-21
0.423038 0.0148189 2.42182e-20
0.427311 0.00504614 4.85075e-22
0.427311 0.0147795 2.47448e-19
0.431584 0.00505553 3.20906e-17
0.431584 0.0147402 -2.60584e-17
0.435857 0.00506499 -1.14619e-20
0.435857 0.014701 -3.24234e-19
0.44013 0.00507452 -3.80586e-19
0.44013 0.0146619 2.78637e-16
0.444403 0.00508411 -7.46983e-20
0.444403 0.0146229 -1.33428e-18
0.448676 0.00509377 3.30668e-11
0.448676 0.0145841 -1.92095e-09
0.452949 0.00510351 3.97137e-11
0.452949 0.0145453 4.70816e-12
0.457223 0.00511329 1.71773e-11
0.457223 0.0145064 6.77677e-09
0.461496 0.00512314 -4.38383e-13
0.461496 0.0144683 -1.11987e-10
0.465769 0.00513306 7.23047e-12
0.465769 0.0144296 1.33523e-10
0.470042 0.00514304 -2.95007e-20
0.470042 0.0143914 2.45056e-18
0.474315 0.00515308 7.91803e-13
0.474315 0.0143532 -9.56683e-10
0.478588 0.00516317 -1.66162e-21
0.478588 0.0143151 2.24202e-20
0.482861 0.00517332 1.16561e-21
0.482861 0.0142772 -7.57504e-20
0.487134 0.00518354 -1.80146e-21
0.487134 0.0142394 -1.08288e-19
0.491407 0.0051938 -7.27991e-13
0.491407 0.0142018 6.82764e-10
0.495681 0.00520412 5.88415e-22
0.495681 0.0141643 -1.3423e-19
0.499954 0.0052145 -3.96883e-11
0.499954 0.0141269 -3.58896e-08
0.504227 0.00522493 1.87732e-20
0.504227 0.0140897 9.58378e-20
0.5085 0.0052354 -1.10297e-11
0.5085 0.0140526 1.55544e-10
0.512773 0.00524593 6.59629e-21
0.512773 0.0140156 2.18199e-19
0.517046 0.00525651 -1.42995e-21
0.517046 0.0139788 -9.50802e-20
0.521319 0.00526713 5.9255e-21
0.521319 0.0139422 -1.3788e-19
0.525592 0.0052778 3.50975e-21
0.525592 0.0139057 7.49978e-20
0.529865 0.00528851 4.95515e-17
0.529865 0.0138694 1.33689e-15
0.534139 0.00529926 -9.03617e-18
0.534139 0.0138332 -1.08589e-16
0.538412 0.00531006 1.10419e-16
0.538412 0.0137972 1.62385e-15
0.542685 0.0053209 2.95136e-11
0.542685 0.0137613 -9.93363e-10
0.546958 0.00533177 -6.58597e-13
0.546958 0.0137257 1.0721e-11
0.551231 0.00534268 3.39123e-14
0.551231 0.0136902 1.2172e-13
0.555504 0.00535362 -5.50615e-12
0.555504 0.0136549 -4.9746e-11
0.559777 0.00536461 4.3633e-13
0.559777 0.0136198 2.5509e-13
0.56405 0.00537562 7.70387e-21
0.56405 0.0135848 -2.41392e-20
0.568323 0.00538666 8.67326e-15
0.568323 0.01355 7.4256e-15
0.572597 0.00539774 2.47134e-21
0.572597 0.0135154 4.78533e-21
0.57687 0.00540883 3.09443e-17
0.57687 0.013481 5.08147e-16
0.581143 0.00541996 3.50489e-12
0.581143 0.0134467 8.05793e-13
0.585416 0.00543111 -2.43592e-12
0.585416 0.0134127 2.2959e-12
0.589689 0.00544227 -1.25324e-19
0.589689 0.0133789 1.37441e-22
0.593962 0.00545346 -5.96435e-16
0.593962 0.0133451 -5.91843e-12
0.598235 0.00546467 3.93441e-19
0.598235 0.0133117 -6.48157e-18
0.602508 0.00547589 -9.15135e-21
0.602508 0.0132785 -5.57276e-19
0.606781 0.00548713 1.16986e-20
0.606781 0.0132454 1.10647e-19
0.611054 0.00549838 1.849e-20
0.611054 0.0132126 -2.34439e-19
0.615328 0.00550964 6.65056e-19
0.615328 0.01318 -7.47014e-20
0.619601 0.00552091 -1.63491e-18
0.619601 0.0131475 1.42062e-18
0.623874 0.00553218 1.74651e-21
0.623874 0.0131153 -9.01074e-20
0.628147 0.00554346 -5.34119e-20
0.628147 0.0130833 1.03215e-19
0.63242 0.00555474 -3.31029e-20
0.63242 0.0130516 -5.4248e-18
0.636693 0.00556602 -5.77819e-19
0.636693 0.01302 -1.63915e-18
0.640966 0.00557729 -3.68879e-12
0.640966 0.0129887 4.55349e-12
0.645239 0.00558856 8.27974e-22
0.645239 0.0129576 -2.59443e-18
0.649512 0.00559982 -2.83858e-19
0.649512 0.0129267 -7.99331e-19
0.653786 0.00561107 1.72407e-11
0.653786 0.0128961 -1.24392e-13
0.658059 0.00562231 -1.97275e-15
0.658059 0.0128657 1.39366e-15
0.662332 0.00563354 4.51921e-20
0.662332 0.0128356 -2.07784e-20
0.666605 0.00564474 -7.03152e-12
0.666605 0.0128057 -1.04577e-12
0.670878 0.00565594 1.73222e-18
0.670878 0.0127761 1.03437e-17
0.675151 0.0056671 -2.5459e-13
0.675151 0.0127466 3.11066e-14
0.679424 0.00567824 7.43467e-19
0.679424 0.0127175 5.06974e-19
0.683697 0.00568934 1.47538e-20
0.683697 0.0126886 -5.77517e-20
0.68797 0.00570043 -7.28124e-16
0.68797 0.01266 -1.10078e-13
0.692244 0.00571147 -3.81234e-16
0.692244 0.0126316 -3.0723e-12
0.696517 0.00572248 -4.00141e-18
0.696517 0.0126034 -5.70128e-16
0.70079 0.00573346 1.15121e-13
0.70079 0.0125756 2.8602e-09
0.705063 0.00574439 -9.61516e-21
0.705063 0.0125481 -2.40621e-20
0.709336 0.00575527 -5.33981e-12
0.709336 0.0125208 -8.70818e-13
0.713609 0.00576611 -6.94544e-14
0.713609 0.0124938 1.47159e-11
0.717882 0.00577689 1.24749e-13
0.717882 0.012467 8.8599e-13
0.722155 0.00578766 -6.49719e-11
0.722155 0.0124406 1.36565e-11
0.726428 0.0057983 -1.22632e-11
0.726428 0.0124148 -8.39505e-09
0.730702 0.00580891 6.03298e-20
0.730702 0.0123886 2.15181e-19
0.734975 0.00581946 -2.33715e-20
0.734975 0.012363 1.02346e-19
0.739248 0.00582995 -1.69249e-20
0.739248 0.0123378 -1.02144e-18
0.743521 0.00584036 2.06798e-17
0.743521 0.0123128 -1.57888e-16
0.747794 0.0058507 4.91559e-21
0.747794 0.0122882 -9.35076e-20
0.752067 0.00586097 8.85496e-11
0.752067 0.0122639 -3.8512e-11
0.75634 0.00587115 -1.01374e-14
0.75634 0.0122398 9.16861e-15
0.760613 0.00588125 6.21465e-12
0.760613 0.0122161 1.83881e-12
0.764886 0.00589126 3.12902e-10
0.764886 0.0121929 8.8978e-09
0.76916 0.00590118 4.36475e-11
0.76916 0.0121697 -1.77513e-11
0.773433 0.00591101 1.64687e-21
0.773433 0.012147 -1.34897e-19
0.777706 0.00592074 1.37489e-20
0.777706 0.0121246 -4.91624e-19
0.781979 0.00593037 4.98368e-21
0.781979 0.0121025 -6.32223e-20
0.786252 0.00593989 3.42365e-19
0.786252 0.0120808 -1.29577e-18
0.790525 0.00594931 5.14027e-21
0.790525 0.0120595 -4.10892e-19
0.794798 0.00595862 1.06114e-19
0.794798 0.0120385 -5.88781e-19
0.799071 0.00596781 4.51684e-21
0.799071 0.0120178 -5.30876e-19
0.803344 0.00597689 9.39113e-19
0.803344 0.0119975 -1.62833e-18
0.807617 0.00598582 -8.68479e-21
0.807617 0.0119776 -6.18352e-18
0.811891 0.00599464 -1.37086e-21
0.811891 0.011958 1.466e-19
0.816164 0.00600334 -7.16733e-21
0.816164 0.0119388 7.64342e-19
0.820437 0.00601189 -1.30368e-22
0.820437 0.0119199 -3.87628e-19
0.82471 0.00602031 5.90568e-21
0.82471 0.0119015 -2.51554e-19
0.828983 0.00602859 -1.26949e-20
0.828983 0.0118834 1.28459e-19
0.833256 0.00603672 -1.25328e-17
0.833256 0.0118657 2.9527e-16
0.837529 0.00604471 6.12309e-21
0.837529 0.0118484 -1.62274e-19
0.841802 0.00605254 -2.32203e-13
0.841802 0.0118315 3.22788e-11
0.846075 0.00606021 2.40087e-18
0.846075 0.011815 -8.75631e-17
0.850349 0.00606773 3.16187e-19
0.850349 0.0117989 -7.41599e-17
0.854622 0.00607508 2.62347e-11
0.854622 0.0117832 -3.21726e-09
0.858895 0.00608226 -1.32093e-17
0.858895 0.0117679 -1.39173e-15
0.863168 0.00608928 5.53947e-18
0.863168 0.011753 5.42408e-18
0.867441 0.00609612 -3.02033e-21
0.867441 0.0117385 -3.15385e-20
0.871714 0.00610278 1.49472e-21
0.871714 0.0117244 -8.84987e-20
0.875987 0.00610928 3.11902e-18
0.875987 0.0117108 1.55683e-17
0.88026 0.00611556 -1.19197e-10
0.88026 0.0116976 1.63042e-11
0.884533 0.00612168 -2.39476e-15
0.884533 0.0116848 4.21148e-13
0.888807 0.0061276 -2.32326e-12
0.888807 0.0116724 3.93415e-11
0.89308 0.00613333 -1.04092e-12
0.89308 0.0116605 2.00452e-12
0.897353 0.00613885 -2.62756e-13
0.897353 0.0116491 2.51445e-12
0.901626 0.00614426 2.51717e-12
0.901626 0.011638 1.79772e-10
0.905899 0.00614931 2.04201e-10
0.905899 0.0116273 -1.69595e-08
0.910172 0.00615423 -9.3701e-13
0.910172 0.0116173 -1.45082e-10
0.914445 0.00615894 4.12811e-13
0.914445 0.0116076 8.51055e-11
0.918718 0.00616344 -1.18188e-12
0.918718 0.0115984 -2.2625e-10
0.922991 0.00616779 3.23641e-09
0.922991 0.0115896 -1.369e-09
0.927265 0.0061718 -1.37609e-11
0.927265 0.0115812 -7.59024e-10
0.931538 0.00617564 -1.01062e-12
0.931538 0.0115734 -2.302e-12
0.935811 0.00617927 3.15414e-11
0.935811 0.011566 2.40454e-11
0.940084 0.00618269 -2.46277e-11
0.940084 0.0115591 1.24461e-10
0.944357 0.00618586 -4.40312e-18
0.944357 0.0115526 1.2299e-16
0.94863 0.00618881 -6.84829e-11
0.94863 0.0115466 1.24852e-10
0.952903 0.00619153 2.56311e-13
0.952903 0.0115411 2.44566e-11
0.957176 0.00619402 2.23979e-11
0.957176 0.0115361 1.05188e-10
0.961449 0.00619626 -2.92864e-10
0.961449 0.0115315 3.74229e-11
0.965722 0.00619836 -3.25916e-10
0.965722 0.0115274 4.62294e-11
0.969996 0.0062001 1.58122e-17
0.969996 0.0115238 1.71461e-18
0.974269 0.00620167 1.18756e-10
0.974269 0.0115207 -3.12431e-10
0.978542 0.00620297 -1.47363e-11
0.978542 0.011518 1.52186e-10
0.982815 0.00620409 2.38372e-10
0.982815 0.0115158 -1.94231e-10
0.987088 0.00620475 -1.58124e-10
0.987088 0.0115143 1.57983e-10
0.991361 0.00620549 6.98672e-11
0.991361 0.0115129 -2.77079e-10
0.995634 0.00620586 -6.99518e-13
0.995634 0.0115122 -1.0078e-10
0.999907 0.00620599 3.71715e-13
0.999907 0.011512 -1.71713e-15
1.00418 0.00620601 2.07574e-10
1.00418 0.011512 -1.3373e-11
1.00845 0.00620622 6.27934e-13
1.00845 0.011512 4.51993e-13
1.01273 0.00620646 2.12984e-09
1.01273 0.0115122 -1.13439e-10
1.017 0.00620696 -9.53651e-10
1.017 0.0115123 7.22083e-11
1.02127 0.00620748 -1.50068e-12
1.02127 0.0115125 -4.99846e-12
1.02555 0.00620814 1.33858e-22
1.02555 0.0115127 -2.2694e-23
1.02982 0.00620893 6.84752e-11
1.02982 0.011513 -5.33718e-10
1.03409 0.00620983 2.29259e-23
1.03409 0.0115133 -1.48238e-25
1.03837 0.00621086 5.14544e-13
1.03837 0.0115137 1.97848e-11
1.04264 0.00621203 3.69004e-09
1.04264 0.0115142 -1.08129e-09
1.04691 0.00621331 -3.93957e-11
1.04691 0.0115146 -3.43516e-11
1.05118 0.00621469 2.72743e-23
1.05118 0.0115151 -3.83264e-23
1.05546 0.00621618 -2.89361e-11
1.05546 0.0115156 -6.01018e-12
1.05973 0.00621783 -2.51682e-10
1.05973 0.0115162 3.0844e-12
1.064 0.00621958 -3.07426e-24
1.064 0.0115168 2.44384e-24
1.06828 0.00622144 -2.40295e-12
1.06828 0.0115175 -1.09535e-12
1.07255 0.00622343 2.80082e-11
1.07255 0.0115182 -3.11441e-12
1.07682 0.00622557 -1.33386e-23
1.07682 0.0115189 2.94841e-25
1.0811 0.00622782 1.88364e-23
1.0811 0.0115197 -6.6732e-23
1.08537 0.00623031 -3.54053e-09
1.08537 0.0115204 3.69745e-09
1.08964 0.00623262 -5.03445e-23
1.08964 0.0115214 4.53999e-24
1.09392 0.00623572 -9.43003e-22
1.09392 0.0115219 8.12329e-22
1.09819 0.00623795 3.15893e-21
1.09819 0.0115233 -4.40124e-21
1.10246 0.00624078 4.05332e-10
1.10246 0.0115243 -4.44872e-10
1.10674 0.00624375 1.26049e-12
1.10674 0.0115254 -1.04757e-13
1.11101 0.00624683 1.34198e-24
1.11101 0.0115265 -2.09493e-25
1.11528 0.00625001 -6.48709e-11
1.11528 0.0115276 1.51439e-10
1.11955 0.00625335 -7.3367e-13
1.11955 0.0115288 -7.59257e-13
1.12383 0.00625677 -1.42304e-23
1.12383 0.01153 1.39517e-23
1.1281 0.00626032 8.75006e-12
1.1281 0.0115313 -2.39098e-11
1.13237 0.006264 -3.76851e-11
1.13237 0.0115325 5.58778e-11
1.13665 0.00626793 -1.47361e-23
1.13665 0.0115339 3.72769e-24
1.14092 0.00627175 1.08883e-10
1.14092 0.0115352 -2.59181e-11
1.14519 0.0062758 -3.75192e-11
1.14519 0.0115367 -1.39571e-11
1.14947 0.00628006 -4.23533e-09
1.14947 0.011538 5.73741e-09
1.15374 0.0062842 4.93128e-12
1.15374 0.0115396 -5.39466e-11
1.15801 0.0062886 1.62566e-24
1.15801 0.0115412 -1.30618e-24
1.16229 0.00629313 -1.17897e-10
1.16229 0.0115427 9.91117e-11
1.16656 0.00629778 1.05897e-11
1.16656 0.0115443 -9.29106e-12
1.17083 0.00630256 1.00058e-09
1.17083 0.011546 3.05784e-12
1.1751 0.00630738 1.62942e-25
1.1751 0.0115477 2.10953e-24
1.17938 0.0063124 1.51844e-24
1.17938 0.0115494 5.88742e-25
1.18365 0.0063175 -1.36508e-11
1.18365 0.0115512 8.73109e-12
1.18792 0.00632274 3.43558e-13
1.18792 0.011553 1.24289e-13
1.1922 0.00632803 -4.32834e-10
1.1922 0.0115549 2.11713e-10
1.19647 0.00633353 1.6054e-24
1.19647 0.0115567 -2.08928e-24
1.20074 0.00633913 2.01315e-12
1.20074 0.0115586 -2.15243e-12
1.20502 0.00634482 1.84831e-11
1.20502 0.0115606 1.36391e-11
1.20929 0.00635063 -7.2197e-11
1.20929 0.0115626 6.21806e-11
1.21356 0.0063566 9.77208e-24
1.21356 0.0115646 -4.63743e-23
1.21784 0.00636264 8.31689e-27
1.21784 0.0115667 1.53235e-25
1.22211 0.00636884 -9.15679e-11
1.22211 0.0115687 4.85061e-12
1.22638 0.00637504 3.33866e-11
1.22638 0.0115709 -3.43403e-13
1.23066 0.0063815 -3.72642e-12
1.23066 0.0115731 3.46758e-12
1.23493 0.00638801 -7.33258e-12
1.23493 0.0115753 7.13585e-13
1.23493 0.0183687 2.51675e-12
1.2392 0.00639466 -2.2633e-11
1.2392 0.0115775 9.30686e-12
1.2392 0.0183148 -1.616e-11
1.24347 0.00640143 -5.81394e-13
1.24347 0.0115798 1.3619e-12
1.24347 0.018261 -6.08575e-11
1.24775 0.00640827 -2.90141e-11
1.24775 0.0115821 -2.79546e-11
1.24775 0.0182073 1.72079e-12
1.25202 0.00641517 6.70034e-23
1.25202 0.0115844 -1.95544e-24
1.25202 0.0181538 -1.57379e-24
1.25629 0.00642238 4.42769e-24
1.25629 0.0115868 -3.14565e-24
1.25629 0.0181004 1.18629e-24
1.26057 0.00642959 1.96314e-13
1.26057 0.0115892 4.36415e-11
1.26057 0.0180471 -4.50519e-11
1.26484 0.00643694 -1.29008e-19
1.26484 0.0115916 1.07485e-20
1.26484 0.017994 -2.65474e-21
1.26911 0.00644437 5.55437e-11
1.26911 0.0115941 -1.71913e-11
1.26911 0.017941 -4.4569e-11
1.27339 0.00645196 -2.09563e-10
1.27339 0.0115966 -2.71902e-10
1.27339 0.0178882 -4.06576e-11
1.27766 0.00645961 4.10945e-10
1.27766 0.0115991 3.04502e-10
1.27766 0.0178355 9.2637e-11
1.28193 0.00646739 -3.82593e-23
1.28193 0.0116017 2.19656e-23
1.28193 0.0177829 1.25783e-21
1.28621 0.00647534 2.86272e-10
1.28621 0.0116043 -2.5373e-12
1.28621 0.0177305 2.5142e-11
1.29048 0.00648334 -9.58655e-25
1.29048 0.0116069 8.46228e-24
1.29048 0.0176783 -9.08726e-26
1.29475 0.00649147 -5.64387e-11
1.29475 0.0116096 -4.21781e-11
1.29475 0.0176262 7.36736e-11
1.29902 0.0064997 -1.53926e-22
1.29902 0.0116123 -7.17927e-25
1.29902 0.0175742 8.51953e-24
1.3033 0.00650809 1.35185e-11
1.3033 0.011615 2.57463e-11
1.3033 0.0175223 -3.16078e-10
1.30757 0.00651654 -1.84956e-11
1.30757 0.0116177 -5.81322e-11
1.30757 0.0174707 4.68152e-11
1.31184 0.00652514 1.11728e-23
1.31184 0.0116205 8.09342e-26
1.31184 0.0174191 -5.61834e-24
1.31612 0.0065338 -2.57409e-10
1.31612 0.0116233 2.14982e-11
1.31612 0.0173677 -7.407e-10
1.32039 0.00654264 8.96756e-11
1.32039 0.0116261 6.89628e-11
1.32039 0.0173165 1.1852e-10
1.32466 0.00655155 -1.80317e-11
1.32466 0.011629 -5.27841e-11
1.32466 0.0172654 -3.85899e-11
1.32894 0.0065606 9.78098e-24
1.32894 0.0116319 -1.68726e-25
1.32894 0.0172144 1.39267e-25
1.33321 0.00656971 -4.79015e-11
1.33321 0.0116348 2.01177e-12
1.33321 0.0171636 -1.3535e-11
1.33748 0.00657895 2.76114e-10
1.33748 0.0116377 -7.31094e-12
1.33748 0.017113 3.18154e-11
1.34176 0.00658844 1.40641e-22
1.34176 0.0116405 -1.61247e-22
1.34176 0.0170625 1.22443e-23
1.34603 0.00659779 1.69267e-13
1.34603 0.0116437 -4.43347e-13
1.34603 0.0170121 5.06117e-11
1.3503 0.00660733 5.61886e-23
1.3503 0.0116467 -8.80439e-24
1.3503 0.0169619 -1.48744e-23
1.35458 0.00661708 1.53714e-10
1.35458 0.0116497 1.46631e-10
1.35458 0.0169119 3.44688e-10
1.35885 0.00662683 3.66029e-24
1.35885 0.0116527 2.24264e-24
1.35885 0.016862 -1.44304e-24
1.36312 0.00663674 -1.41125e-11
1.36312 0.0116558 3.6621e-12
1.36312 0.0168122 9.84013e-14
1.36739 0.00664678 -6.32717e-12
1.36739 0.0116589 -5.80849e-12
1.36739 0.0167627 -3.90691e-11
1.37167 0.00665693 2.4523e-09
1.37167 0.011662 -2.49789e-09
1.37167 0.0167132 -6.2027e-11
1.37594 0.0066671 -6.6122e-12
1.37594 0.0116653 -1.34384e-11
1.37594 0.0166639 2.58648e-13
1.38021 0.00667746 1.42077e-11
1.38021 0.0116684 3.62335e-11
1.38021 0.0166148 5.88241e-11
1.38449 0.00668788 -3.17264e-12
1.38449 0.0116715 -1.12558e-12
1.38449 0.0165659 1.47135e-12
1.38876 0.00669842 -1.18443e-10
1.38876 0.0116747 2.89762e-12
1.38876 0.0165171 1.79557e-11
1.39303 0.00670907 4.73161e-12
1.39303 0.011678 2.64626e-11
1.39303 0.0164684 -7.1492e-11
1.39731 0.00671984 -7.67103e-10
1.39731 0.0116812 1.62677e-10
1.39731 0.0164199 1.06157e-11
1.40158 0.00673072 -2.50849e-09
1.40158 0.0116844 2.64809e-09
1.40158 0.0163717 2.79288e-10
1.40585 0.00674163 -2.62013e-24
1.40585 0.0116878 1.57666e-24
1.40585 0.0163234 -1.25689e-24
1.41013 0.00675278 -8.75877e-24
1.41013 0.0116909 2.29179e-22
1.41013 0.0162754 5.54145e-24
1.4144 0.00676387 1.24199e-22
1.4144 0.0116944 -1.18574e-23
1.4144 0.0162276 8.2505e-26
1.41867 0.00677498 1.00605e-10
1.41867 0.0116977 -3.53957e-10
1.41867 0.0161799 -3.23615e-12
1.42295 0.00678648 1.07919e-12
1.42295 0.011701 1.44536e-13
1.42295 0.0161323 2.41028e-13
1.42722 0.00679797 7.39887e-11
1.42722 0.0117044 2.92524e-11
1.42722 0.016085 -1.45807e-14
1.43149 0.00680954 -2.74556e-14
1.43149 0.0117078 1.36028e-13
1.43149 0.0160378 5.3624e-13
1.43576 0.00682121 2.10703e-12
1.43576 0.0117112 -1.87369e-12
1.43576 0.0159907 -5.42514e-15
1.44004 0.00683297 6.21233e-12
1.44004 0.0117145 3.72886e-10
1.44004 0.0159439 -3.54916e-10
1.44431 0.00684491 6.08976e-12
1.44431 0.011718 -4.67051e-12
1.44431 0.0158972 -1.70754e-12
1.44858 0.00685694 -1.04616e-09
1.44858 0.0117214 1.18125e-10
1.44858 0.0158506 1.27576e-13
1.45286 0.00686891 -1.20564e-09
1.45286 0.0117249 3.49607e-10
1.45286 0.0158043 2.73787e-10
1.45713 0.00688109 -2.58276e-22
1.45713 0.0117283 2.76425e-23
1.45713 0.0157581 1.83352e-26
1.4614 0.00689323 -1.02005e-10
1.4614 0.0117318 2.9153e-11
1.4614 0.015712 -5.70645e-12
1.46568 0.00690566 -1.11273e-22
1.46568 0.0117352 1.85782e-23
1.46568 0.0156662 -7.15986e-26
1.46995 0.00691817 -2.75288e-22
1.46995 0.0117391 -1.87136e-21
1.46995 0.0156205 -1.89918e-22
1.47422 0.00693059 7.96019e-11
1.47422 0.0117422 1.54618e-11
1.47422 0.015575 -1.22882e-10
1.4785 0.00694322 -9.00787e-13
1.4785 0.0117457 -4.04765e-13
1.4785 0.0155296 1.48129e-13
1.48277 0.00695594 -5.12022e-10
1.48277 0.0117492 2.12004e-10
1.48277 0.0154844 -2.93343e-12
1.48704 0.00696874 -1.68671e-25
1.48704 0.0117527 5.53412e-26
1.48704 0.0154394 -1.49281e-26
1.49131 0.00698166 2.45831e-23
1.49131 0.0117562 -2.08374e-23
1.49131 0.0153946 7.53886e-24
1.49559 0.00699458 -8.33109e-11
1.49559 0.0117598 4.24967e-11
1.49559 0.0153499 -4.14154e-11
1.49986 0.00700766 -1.57487e-23
1.49986 0.0117633 -1.08301e-22
1.49986 0.0153055 8.95861e-23
1.50413 0.00702093 -1.80601e-22
1.50413 0.0117668 1.79025e-23
1.50413 0.0152612 7.43018e-24
1.50841 0.00703408 -1.22957e-22
1.50841 0.0117704 3.47321e-23
1.50841 0.0152171 -5.1843e-22
1.51268 0.00704743 9.14181e-23
1.51268 0.0117739 1.11219e-23
1.51268 0.0151731 1.16395e-22
1.51695 0.00706092 1.41683e-11
1.51695 0.0117774 -2.12583e-12
1.51695 0.0151294 4.00794e-13
1.52123 0.0070744 4.21582e-10
1.52123 0.0117809 -6.91374e-10
1.52123 0.0150858 -3.07249e-12
1.5255 0.00708793 -3.31477e-23
1.5255 0.0117845 5.41716e-24
1.5255 0.0150424 -4.55665e-23
1.52977 0.00710161 -1.23308e-10
1.52977 0.0117881 -1.52811e-10
1.52977 0.0149992 -3.56124e-10
1.53405 0.00711535 3.87723e-24
1.53405 0.0117917 -9.4211e-24
1.53405 0.0149562 8.51258e-24
1.53832 0.00712816 -5.76432e-09
1.53832 0.0117953 4.97238e-10
1.53832 0.0149133 1.43375e-12
1.54259 0.00714307 -4.25889e-24
1.54259 0.0117987 -3.92234e-24
1.54259 0.0148707 -2.24888e-23
1.54687 0.00715711 -3.67853e-11
1.54687 0.0118022 1.30286e-11
1.54687 0.0148282 2.13625e-12
1.55114 0.0071711 -9.97871e-24
1.55114 0.0118058 2.42539e-25
1.55114 0.014786 -1.45996e-22
1.55541 0.00718522 1.14289e-09
1.55541 0.0118094 -3.06791e-10
1.55541 0.0147439 -1.30435e-13
1.55968 0.00719933 -1.9821e-08
1.55968 0.0118129 3.16962e-09
1.55968 0.0147019 -1.84454e-08
1.56396 0.00721371 -7.42423e-15
1.56396 0.0118164 -3.78115e-15
1.56396 0.0146603 6.85766e-15
1.56823 0.00722802 1.96252e-10
1.56823 0.01182 -8.68073e-11
1.56823 0.0146189 -1.36349e-12
1.5725 0.00724245 1.64077e-09
1.5725 0.0118235 5.21244e-11
1.5725 0.0145776 4.87799e-10
1.57678 0.0072568 -1.08771e-09
1.57678 0.011827 1.4702e-10
1.57678 0.0145365 -1.59279e-10
1.58105 0.00727145 3.76513e-10
1.58105 0.0118305 2.65966e-12
1.58105 0.0144956 3.61686e-11
1.58532 0.00728604 -3.61865e-23
1.58532 0.011834 2.77888e-24
1.58532 0.0144549 -2.61596e-24
1.5896 0.00730071 9.11127e-24
1.5896 0.0118375 4.47653e-23
1.5896 0.0144144 -3.19567e-23
1.59387 0.00731539 1.51052e-09
1.59387 0.011841 -4.2685e-10
1.59387 0.0143742 -7.26263e-11
1.59814 0.00733023 -2.04777e-10
1.59814 0.0118444 1.86507e-11
1.59814 0.0143341 1.43732e-12
1.60242 0.00734505 1.52734e-10
1.60242 0.0118479 -1.42207e-11
1.60242 0.0142942 -3.62574e-14
1.60669 0.00735999 1.27809e-12
1.60669 0.0118513 -1.35873e-13
1.60669 0.0142546 1.01069e-15
1.61096 0.00737489 -1.95143e-11
1.61096 0.0118548 2.39031e-12
1.61096 0.0142152 -1.55645e-12
1.61523 0.00738989 -3.69274e-25
1.61523 0.0118582 -1.18526e-25
1.61523 0.0141759 -2.68941e-27
1.61951 0.00740494 -3.36597e-12
1.61951 0.0118616 5.46018e-11
1.61951 0.014137 -5.35802e-11
1.62378 0.00742004 2.37065e-10
1.62378 0.011865 -3.45254e-11
1.62378 0.0140982 -1.02206e-11
1.62805 0.00743518 8.09497e-12
1.62805 0.0118684 -5.8064e-11
1.62805 0.0140596 7.52797e-12
1.63233 0.00745038 -3.93025e-23
1.63233 0.0118718 5.07569e-24
1.63233 0.0140213 -1.57291e-24
1.6366 0.00746558 -2.9474e-14
1.6366 0.0118751 -2.41805e-16
1.6366 0.0139832 -1.19111e-15
1.64087 0.00748081 -3.37537e-24
1.64087 0.0118785 2.57879e-25
1.64087 0.0139453 -2.91811e-24
1.64515 0.00749616 4.68483e-11
1.64515 0.0118818 -1.79589e-11
1.64515 0.0139076 -1.5708e-15
1.64942 0.00751149 6.44662e-10
1.64942 0.0118851 -1.64762e-10
1.64942 0.0138702 9.097e-11
1.65369 0.00752684 6.10778e-13
1.65369 0.0118884 -1.69325e-13
1.65369 0.013833 -6.94003e-12
1.65797 0.00754225 -2.20212e-13
1.65797 0.0118916 1.52072e-13
1.65797 0.0137961 4.02193e-15
1.66224 0.00755764 2.32817e-18
1.66224 0.0118949 -1.72731e-18
1.66224 0.0137594 -3.94143e-18
1.66651 0.00757307 1.25384e-12
1.66651 0.0118981 -4.99229e-12
1.66651 0.0137229 2.04936e-11
1.67079 0.00758855 -4.89365e-23
1.67079 0.0119013 3.91275e-24
1.67079 0.0136867 6.14118e-25
1.67506 0.007604 2.05001e-11
1.67506 0.0119045 -1.02722e-10
1.67506 0.0136507 1.17119e-10
1.67933 0.00761952 -1.71527e-11
1.67933 0.0119076 1.75961e-13
1.67933 0.013615 2.22652e-13
1.6836 0.007635 1.67004e-11
1.6836 0.0119108 -1.37124e-11
1.6836 0.0135796 2.70368e-14
1.68788 0.00765046 -8.91191e-11
1.68788 0.0119139 9.09446e-11
1.68788 0.0135444 -7.74009e-12
1.69215 0.00766604 3.58666e-24
1.69215 0.0119169 -1.25208e-22
1.69215 0.0135094 -2.82462e-23
1.69642 0.00768154 -4.81741e-10
1.69642 0.01192 2.29769e-12
1.69642 0.0134748 2.59693e-13
1.7007 0.00769708 -3.24798e-12
1.7007 0.011923 -3.50693e-12
1.7007 0.0134404 1.0578e-14
1.70497 0.00771256 6.44321e-10
1.70497 0.011926 -5.47067e-11
1.70497 0.0134063 1.20074e-10
1.70924 0.00772811 2.28057e-10
1.70924 0.011929 -6.07118e-11
1.70924 0.0133724 -1.72902e-12
1.71352 0.00774356 -1.16639e-10
1.71352 0.011932 6.53704e-12
1.71352 0.0133388 2.83018e-13
1.71779 0.00775905 -3.02235e-23
1.71779 0.0119349 7.82162e-24
1.71779 0.0133056 2.57096e-26
1.72206 0.00777449 -7.85718e-24
1.72206 0.0119378 8.68978e-24
1.72206 0.0132726 3.00381e-26
1.72634 0.00778991 -6.40594e-11
1.72634 0.0119407 -4.41291e-13
1.72634 0.0132399 -5.816e-13
1.73061 0.00780533 -1.44797e-12
1.73061 0.0119435 2.75788e-12
1.73061 0.0132075 -7.26498e-13
1.73488 0.00782069 6.1144e-24
1.73488 0.0119463 1.99488e-24
1.73488 0.0131753 -1.36181e-25
1.73916 0.00783601 3.13437e-12
1.73916 0.0119491 -1.22822e-11
1.73916 0.0131435 2.52243e-13
1.74343 0.00785131 1.22084e-23
1.74343 0.0119518 -4.85532e-24
1.74343 0.0131121 -4.54205e-25
1.7477 0.00786655 -7.41226e-10
1.7477 0.0119545 1.45649e-10
1.7477 0.0130809 -5.43703e-13
1.75197 0.0078818 -2.12071e-11
1.75197 0.0119572 1.04416e-10
1.75197 0.01305 9.33193e-13
1.75625 0.00789682 8.91069e-23
1.75625 0.0119598 -3.44254e-23
1.75625 0.0130195 4.48811e-25
1.76052 0.00791186 -1.02208e-10
1.76052 0.0119625 3.57589e-11
1.76052 0.0129893 -3.20953e-13
1.76479 0.0079269 3.67491e-10
1.76479 0.011965 -8.28295e-11
1.76479 0.0129594 -9.86246e-09
1.76907 0.00794177 7.43253e-20
1.76907 0.0119676 -4.94678e-20
1.76907 0.0129299 -1.95982e-19
1.77334 0.00795667 -2.09114e-22
1.77334 0.0119701 5.57625e-24
1.77334 0.0129007 2.42165e-23
1.77761 0.0079714 -6.14338e-24
1.77761 0.0119725 -1.90201e-25
1.77761 0.0128719 -3.07734e-25
1.78189 0.00798609 -1.1776e-11
1.78189 0.011975 1.24294e-12
1.78189 0.0128434 3.85903e-12
1.78616 0.00800065 -1.83806e-12
1.78616 0.0119773 1.19713e-11
1.78616 0.0128154 -8.22898e-12
1.79043 0.0080152 -1.92865e-22
1.79043 0.0119796 5.07108e-22
1.79043 0.0127875 -3.32049e-22
1.79471 0.00802948 3.77132e-11
1.79471 0.011982 -5.6606e-12
1.79471 0.0127602 -1.87084e-13
1.79898 0.0080437 8.99677e-10
1.79898 0.0119843 -2.63774e-10
1.79898 0.0127332 -1.47847e-09
1.80325 0.00805783 7.77603e-12
1.80325 0.0119865 4.16044e-10
1.80325 0.0127067 -4.22405e-10
1.80752 0.00807185 -1.31617e-10
1.80752 0.0119887 2.1157e-11
1.80752 0.0126805 1.13298e-11
1.8118 0.00808572 -5.00675e-23
1.8118 0.0119909 3.68915e-23
1.8118 0.0126547 -1.63224e-24
1.81607 0.00809944 1.70234e-18
1.81607 0.011993 -5.01133e-19
1.81607 0.0126293 1.72329e-20
1.82034 0.00811298 -6.86535e-25
1.82034 0.011995 6.05923e-24
1.82034 0.0126044 -1.22004e-23
1.82462 0.00812638 2.27018e-10
1.82462 0.0119971 -1.15076e-10
1.82462 0.0125798 1.04859e-10
1.82889 0.00813962 -6.91164e-12
1.82889 0.0119992 -2.57471e-09
1.82889 0.0125545 -1.00763e-08
1.83316 0.00815269 4.78352e-11
1.83316 0.012001 1.43584e-09
1.83316 0.0125321 -1.67942e-09
1.83744 0.00816553 2.56398e-24
1.83744 0.0120029 6.51741e-26
1.83744 0.0125089 1.86701e-25
1.84171 0.00817827 2.97715e-10
1.84171 0.0120047 -2.09157e-10
1.84171 0.0124861 4.58906e-10
1.84598 0.0081908 -2.10087e-22
1.84598 0.0120065 6.83353e-22
1.84598 0.0124638 -4.46844e-22
1.85026 0.00820312 -5.03604e-11
1.85026 0.0120083 7.94056e-11
1.85026 0.0124419 2.12138e-11
1.85453 0.00821516 1.75866e-08
1.85453 0.0120101 -1.01553e-08
1.85453 0.0124206 -8.74433e-09
1.8588 0.00822704 -3.64921e-10
1.8588 0.0120117 -2.11178e-10
1.8588 0.0123998 -1.92649e-11
1.86308 0.00823873 -2.68545e-10
1.86308 0.0120134 -4.78359e-10
1.86308 0.0123793 8.71484e-10
1.86735 0.00825022 4.83357e-10
1.86735 0.012015 -2.09469e-10
1.86735 0.0123594 -2.44673e-10
1.87162 0.00826122 -5.51526e-24
1.87162 0.0120165 4.43954e-23
1.87162 0.0123403 3.21313e-23
1.87589 0.00827224 3.54236e-13
1.87589 0.0120179 -1.61734e-12
1.87589 0.0123214 1.22777e-12
1.88017 0.00828286 1.07786e-08
1.88017 0.0120194 -6.45386e-09
1.88017 0.012303 -4.73067e-09
1.88444 0.00829313 1.38878e-10
1.88444 0.0120208 -1.11063e-11
1.88444 0.0122854 -4.45284e-13
1.88871 0.00830313 3.67849e-09
1.88871 0.0120221 -8.60265e-12
1.88871 0.0122683 1.09337e-10
1.89299 0.00831297 -3.16006e-17
1.89299 0.0120234 8.0211e-13
1.89299 0.0122516 -8.02078e-13
1.89726 0.00832247 -5.75888e-11
1.89726 0.0120246 -8.10874e-12
1.89726 0.0122356 9.26866e-12
1.90153 0.00833166 -2.03446e-14
1.90153 0.0120258 -6.64385e-14
1.90153 0.0122201 8.67831e-14
1.90581 0.00834053 -1.00851e-11
1.90581 0.012027 5.64044e-12
1.90581 0.0122052 -1.53261e-14
1.91008 0.00834913 -4.61807e-22
1.91008 0.012028 1.14891e-22
1.91008 0.0121908 1.35534e-23
1.91435 0.0083572 3.61142e-10
1.91435 0.0120291 -9.83727e-11
1.91435 0.0121771 -1.40101e-10
1.91863 0.0083652 8.81935e-10
1.91863 0.0120301 2.23042e-09
1.91863 0.012164 4.80582e-09
1.9229 0.00837264 -1.441e-08
1.9229 0.012031 -4.94832e-10
1.9229 0.0121515 -3.84736e-11
1.92717 0.0083799 1.28767e-09
1.92717 0.0120319 2.09015e-09
1.92717 0.0121396 -1.62432e-11
1.93144 0.00838676 6.82045e-11
1.93144 0.0120328 4.16617e-10
1.93144 0.0121284 -6.3575e-10
1.93572 0.00839312 -1.2971e-09
1.93572 0.0120336 -1.66398e-09
1.93572 0.0121178 -4.66008e-10
1.93999 0.00839921 -1.43822e-22
1.93999 0.0120343 -3.38799e-24
1.93999 0.0121079 1.67283e-25
1.94426 0.00840489 -3.21028e-10
1.94426 0.012035 -7.23796e-11
1.94426 0.0120986 2.51998e-10
1.94854 0.00841016 2.78109e-10
1.94854 0.0120356 4.94376e-10
1.94854 0.0120899 1.65451e-10
1.95281 0.00841506 1.45081e-11
1.95281 0.0120362 -4.80696e-12
1.95281 0.0120819 1.03162e-13
1.95708 0.00841956 1.43518e-09
1.95708 0.0120367 2.41782e-09
1.95708 0.0120746 6.69878e-10
1.96136 0.00842371 -1.08787e-21
1.96136 0.0120372 -3.04408e-22
1.96136 0.012068 1.30614e-21
1.96563 0.00842734 3.01458e-10
1.96563 0.0120376 3.07188e-09
1.96563 0.012062 7.30183e-10
1.9699 0.00843038 2.26911e-09
1.9699 0.0120379 4.18839e-09
1.9699 0.0120567 -3.90352e-09
1.97418 0.00843353 -4.88951e-21
1.97418 0.0120383 6.13466e-23
1.97418 0.0120522 1.95948e-22
1.97845 0.00843589 -6.02864e-11
1.97845 0.0120385 -1.34471e-10
1.97845 0.0120483 1.27463e-10
1.98272 0.00843781 2.04293e-22
1.98272 0.0120387 4.19797e-21
1.98272 0.0120452 -1.36617e-21
1.987 0.00843937 -5.74679e-18
1.987 0.0120388 5.49583e-18
1.987 0.0120428 5.74961e-18
1.99127 0.00844046 9.16661e-18
1.99127 0.0120387 2.67111e-15
1.99127 0.0120412 -8.21929e-13
1.99554 0.0084412 -1.04064e-11
1.99554 0.0120385 2.95567e-11
1.99554 0.0120403 1.16569e-12
1.99981 0.00844139 -1.14473e-12
1.99981 0.0120383 -4.06084e-13
1.99981 0.0120402 6.69551e-13
2.00409 0.00844145 3.4308e-09
2.00409 0.0120384 3.51121e-12
2.00409 0.0120403 -1.56343e-08
2.00836 0.00844055 1.13175e-16
2.00836 0.0120386 -5.83963e-12
2.00836 0.0120412 1.3768e-15
2.01263 0.00843945 -1.25433e-15
2.01263 0.0120389 -2.02643e-10
2.01263 0.0120425 1.17548e-15
2.01691 0.00843606 6.18771e-08
2.01691 0.0120393 3.27905e-10
2.01691 0.0120466 -6.39074e-08
2.02118 0.00843595 1.34269e-14
2.02118 0.0120399 2.30063e-11
2.02118 0.0120468 -1.96793e-15
2.02545 0.00843355 1.12502e-10
2.02545 0.0120406 1.03762e-11
2.02545 0.0120497 9.74384e-10
2.02973 0.00843073 8.47178e-11
2.02973 0.0120415 2.71173e-11
2.02973 0.012053 7.89637e-10
2.034 0.00842748 -1.02862e-14
2.034 0.0120424 1.62876e-10
2.034 0.0120569 -4.6564e-14
2.03827 0.00842383 -1.845e-11
2.03827 0.0120435 6.24019e-12
2.03827 0.0120614 7.7818e-10
2.04255 0.00841977 3.08751e-14
2.04255 0.0120448 7.98521e-13
2.04255 0.0120663 -1.32489e-14
2.04682 0.00841523 -2.4651e-13
2.04682 0.0120461 2.97199e-11
2.04682 0.0120717 2.02628e-14
2.05109 0.00841036 -7.09419e-15
2.05109 0.0120476 5.23718e-12
2.05109 0.0120776 1.09046e-14
2.05537 0.00840504 2.93608e-16
2.05537 0.0120492 -2.24761e-11
2.05537 0.012084 -2.19775e-15
2.05964 0.00839939 1.00124e-14
2.05964 0.0120509 5.29424e-13
2.05964 0.0120909 2.1317e-15
2.06391 0.00839323 -4.57802e-15
2.06391 0.0120528 3.43128e-14
2.06391 0.0120982 -2.75166e-14
2.06818 0.00838676 -4.58899e-10
2.06818 0.0120548 1.36559e-09
2.06818 0.0121061 -3.85521e-11
2.07246 0.00837987 2.10449e-09
2.07246 0.0120569 2.33369e-13
2.07246 0.0121144 7.00429e-09
2.07673 0.00837265 -3.85512e-09
2.07673 0.0120592 1.65875e-12
2.07673 0.0121232 4.29366e-09
2.081 0.008365 6.20026e-10
2.081 0.0120616 4.97681e-12
2.081 0.0121324 2.98057e-08
2.08528 0.00835695 -8.98259e-10
2.08528 0.0120641 5.60174e-10
2.08528 0.0121422 3.34677e-10
2.08955 0.00834863 -8.76649e-10
2.08955 0.0120667 -2.55228e-12
2.08955 0.0121523 1.58525e-09
2.09382 0.00833991 1.89901e-09
2.09382 0.0120695 -7.32427e-12
2.09382 0.0121629 3.44836e-09
2.0981 0.00833085 7.81117e-11
2.0981 0.0120724 1.67242e-12
2.0981 0.0121739 1.33735e-09
2.10237 0.00832145 4.88715e-11
2.10237 0.0120754 -4.03398e-13
2.10237 0.0121853 -9.31551e-12
2.10664 0.00831171 -5.34998e-16
2.10664 0.0120786 -1.32047e-13
2.10664 0.0121972 -1.09028e-15
2.11092 0.00830164 -4.6622e-12
2.11092 0.0120819 1.20292e-14
2.11092 0.0122095 2.44415e-10
2.11519 0.00829125 3.24645e-10
2.11519 0.0120853 -4.53277e-13
2.11519 0.0122222 -4.69492e-10
2.11946 0.00828054 1.24891e-17
2.11946 0.0120889 2.07937e-11
2.11946 0.0122353 1.39036e-16
2.12373 0.00826953 -4.49787e-18
2.12373 0.0120925 -4.27022e-12
2.12373 0.0122488 -1.21873e-16
2.12801 0.00825822 -6.32875e-17
2.12801 0.0120963 -4.17893e-11
2.12801 0.0122627 -7.93476e-16
2.13228 0.00824662 -5.88301e-17
2.13228 0.0121003 -2.86839e-11
2.13228 0.012277 1.943e-15
2.13655 0.0082347 -3.0696e-16
2.13655 0.0121043 -6.80808e-12
2.13655 0.0122916 5.74804e-17
2.14083 0.00822255 5.61924e-18
2.14083 0.0121085 -4.76667e-14
2.14083 0.0123066 4.24441e-18
2.1451 0.00821011 1.08918e-17
2.1451 0.0121128 6.11927e-14
2.1451 0.0123219 -2.50874e-17
2.14937 0.0081974 -1.59009e-17
2.14937 0.0121173 -3.91204e-11
2.14937 0.0123376 2.63727e-17
2.15365 0.00818443 2.41764e-18
2.15365 0.0121219 -1.02746e-12
2.15365 0.0123537 -4.01723e-18
2.15792 0.00817122 -7.15282e-18
2.15792 0.0121266 -1.02022e-12
2.15792 0.0123701 1.56841e-18
2.16219 0.00815775 -4.05744e-18
2.16219 0.0121314 3.0486e-12
2.16219 0.0123868 5.75326e-18
2.16647 0.00814406 9.3337e-19
2.16647 0.0121364 -6.68657e-13
2.16647 0.0124039 -2.41822e-18
2.17074 0.00813013 6.69236e-18
2.17074 0.0121414 6.09526e-10
2.17074 0.0124213 -1.80792e-17
2.17501 0.00811597 -6.7974e-20
2.17501 0.0121467 1.15006e-13
2.17501 0.0124389 -6.09694e-18
2.17929 0.0081016 2.14064e-20
2.17929 0.012152 1.60607e-13
2.17929 0.0124569 -5.37473e-18
2.18356 0.00808702 6.04516e-18
2.18356 0.0121575 1.17312e-11
2.18356 0.0124752 1.25093e-17
2.18783 0.00807224 6.41184e-17
2.18783 0.0121631 4.92187e-11
2.18783 0.0124938 8.58733e-17
2.1921 0.00805725 -2.25779e-18
2.1921 0.0121688 1.70245e-11
2.1921 0.0125127 -2.87866e-18
2.19638 0.00804208 5.17414e-18
2.19638 0.0121747 -7.84172e-14
2.19638 0.0125318 1.05546e-17
2.20065 0.00802672 3.40718e-13
2.20065 0.0121807 1.0045e-12
2.20065 0.0125512 3.66841e-12
2.20492 0.00801118 -3.14091e-19
2.20492 0.0121868 2.59441e-11
2.20492 0.0125709 -1.65168e-19
2.2092 0.00799547 2.55683e-17
2.2092 0.0121931 -2.04444e-13
2.2092 0.0125909 9.74034e-16
2.21347 0.0079796 1.26625e-17
2.21347 0.0121994 2.07452e-11
2.21347 0.0126111 8.16782e-16
2.21774 0.00796356 8.64178e-18
2.21774 0.0122059 8.01826e-12
2.21774 0.0126315 6.65962e-18
2.22202 0.0079473 -3.70428e-09
2.22202 0.0122126 -8.56846e-10
2.22202 0.0126523 -1.89177e-09
2.22629 0.00793104 1.27394e-09
2.22629 0.0122193 -2.71015e-10
2.22629 0.0126732 -3.54655e-11
2.23056 0.00791452 1.77256e-11
2.23056 0.0122263 7.66161e-10
2.23056 0.0126943 3.78497e-11
2.23484 0.0078979 -2.64165e-18
2.23484 0.0122332 -2.56802e-10
2.23484 0.0127157 -2.97141e-17
2.23911 0.00788112 -6.61496e-18
2.23911 0.0122404 2.6386e-11
2.23911 0.0127374 -5.53826e-18
2.24338 0.00786423 -1.02524e-10
2.24338 0.0122477 -6.62739e-09
2.24338 0.0127593 1.52983e-11
2.24765 0.00784722 9.67591e-11
2.24765 0.0122551 -1.23841e-12
2.24765 0.0127813 -2.97062e-10
2.25193 0.00783009 4.12196e-19
2.25193 0.0122626 -1.86679e-13
2.25193 0.0128035 3.64433e-17
2.2562 0.00781283 2.79737e-19
2.2562 0.0122703 1.28578e-13
2.2562 0.012826 4.66995e-19
2.26047 0.00779549 -3.16559e-10
2.26047 0.0122781 -5.59992e-11
2.26047 0.0128487 2.79301e-09
2.26475 0.00777802 -8.56387e-18
2.26475 0.012286 3.04206e-12
2.26475 0.0128715 7.62871e-18
2.26902 0.00776045 1.59723e-17
2.26902 0.012294 -8.25888e-12
2.26902 0.0128946 -1.38875e-18
2.27329 0.0077428 3.074e-17
2.27329 0.0123022 -9.12269e-13
2.27329 0.0129178 1.40413e-15
2.27757 0.00772503 -1.46967e-17
2.27757 0.0123105 -2.52255e-12
2.27757 0.0129413 4.90736e-17
2.28184 0.00770719 -1.71154e-19
2.28184 0.0123189 -7.49372e-11
2.28184 0.0129649 4.20587e-19
2.28611 0.00768928 -1.00809e-17
2.28611 0.0123275 -6.00562e-12
2.28611 0.0129887 -4.89479e-17
2.29039 0.00767126 7.85891e-19
2.29039 0.0123362 -5.60273e-11
2.29039 0.0130126 -1.57316e-16
2.29466 0.00765318 -5.1998e-19
2.29466 0.012345 -3.57659e-11
2.29466 0.0130367 4.31459e-18
2.29893 0.00763503 5.43355e-14
2.29893 0.012354 6.5518e-11
2.29893 0.013061 -3.99617e-14
2.30321 0.00761681 4.95877e-14
2.30321 0.012363 -7.72915e-13
2.30321 0.0130855 -3.75197e-14
2.30748 0.00759853 -7.90533e-20
2.30748 0.0123722 -4.76932e-11
2.30748 0.0131101 2.90113e-19
2.31175 0.00758016 1.65316e-16
2.31175 0.0123816 -3.46303e-13
2.31175 0.0131348 -1.40044e-16
2.31602 0.00756178 -1.24329e-18
2.31602 0.012391 5.14094e-12
2.31602 0.0131597 -6.07738e-18
2.3203 0.00754332 3.41923e-18
2.3203 0.0124006 -2.67317e-13
2.3203 0.0131848 4.14415e-18
2.32457 0.00752481 2.81604e-20
2.32457 0.0124103 6.63502e-12
2.32457 0.01321 -2.09049e-18
2.32884 0.00750626 3.8224e-18
2.32884 0.0124202 -1.12706e-12
2.32884 0.0132353 -4.06729e-17
2.33312 0.00748766 -1.21324e-10
2.33312 0.0124301 1.089e-11
2.33312 0.0132608 -4.04792e-10
2.33739 0.00746901 -6.76715e-21
2.33739 0.0124402 -3.09242e-12
2.33739 0.0132864 -8.604e-18
2.34166 0.00745037 1.88262e-16
2.34166 0.0124504 -7.36426e-14
2.34166 0.0133121 -2.17566e-17
2.34594 0.00743162 -2.12727e-18
2.34594 0.0124608 5.11514e-12
2.34594 0.013338 -2.66056e-18
2.35021 0.00741287 1.34795e-18
2.35021 0.0124713 1.88236e-12
2.35021 0.013364 -7.96604e-18
2.35448 0.00739409 1.05637e-17
2.35448 0.0124819 3.86401e-12
2.35448 0.0133901 1.84834e-16
2.35876 0.00737529 1.12849e-11
2.35876 0.0124926 -4.66126e-13
2.35876 0.0134163 -2.32771e-11
2.36303 0.00735645 -4.77806e-11
2.36303 0.0125035 -1.47056e-12
2.36303 0.0134427 1.54876e-09
2.3673 0.0073376 -3.72873e-17
2.3673 0.0125145 -1.32902e-12
2.3673 0.0134692 -8.12636e-18
2.37158 0.00731873 -7.1612e-11
2.37158 0.0125256 -1.5949e-12
2.37158 0.0134958 -7.34896e-10
2.37585 0.00729984 3.5271e-19
2.37585 0.0125369 -1.51516e-12
2.37585 0.0135225 3.47609e-17
2.38012 0.00728094 -1.41747e-16
2.38012 0.0125482 -8.4021e-13
2.38012 0.0135493 -5.12116e-17
2.38439 0.00726202 1.30405e-14
2.38439 0.0125597 -1.5976e-12
2.38439 0.0135762 1.31109e-14
2.38867 0.00724309 -4.78787e-17
2.38867 0.0125714 -3.37441e-12
2.38867 0.0136032 4.29134e-17
2.39294 0.00722416 -1.72653e-18
2.39294 0.0125831 -5.37344e-12
2.39294 0.0136304 1.85736e-18
2.39721 0.00720522 -7.04188e-16
2.39721 0.012595 -5.52103e-12
2.39721 0.0136576 -4.62908e-16
2.40149 0.00718628 7.18564e-09
2.40149 0.012607 2.59941e-12
2.40149 0.0136849 -1.10103e-09
2.40576 0.00716733 -2.29079e-19
2.40576 0.0126192 -2.24968e-12
2.40576 0.0137124 3.45915e-16
2.41003 0.00714838 -5.76701e-19
2.41003 0.0126314 -5.64724e-12
2.41003 0.0137399 -1.66102e-17
2.41431 0.00712944 -6.32135e-17
2.41431 0.0126438 -6.05601e-12
2.41431 0.0137675 2.80073e-16
2.41858 0.0071105 2.84483e-19
2.41858 0.0126564 3.11827e-12
2.41858 0.0137952 2.79146e-16
2.42285 0.00709157 1.47132e-19
2.42285 0.012669 -3.5122e-12
2.42285 0.013823 5.15842e-19
2.42713 0.00707265 -2.35628e-11
2.42713 0.0126818 1.60304e-12
2.42713 0.0138509 -2.92976e-11
2.4314 0.00705373 -1.21018e-17
2.4314 0.0126947 -6.804e-12
2.4314 0.0138789 1.49601e-17
2.43567 0.00703483 2.02217e-17
2.43567 0.0127077 3.92026e-13
2.43567 0.013907 8.87285e-18
2.43994 0.00701595 -3.12051e-13
2.43994 0.0127209 -1.54652e-11
2.43994 0.0139351 -2.62195e-12
2.44422 0.00699708 2.06143e-20
2.44422 0.0127342 -6.48733e-12
2.44422 0.0139634 3.51901e-18
2.44849 0.00697823 3.43293e-18
2.44849 0.0127476 8.02876e-13
2.44849 0.0139917 -1.06978e-17
2.45276 0.00695939 2.91892e-20
2.45276 0.0127611 -2.68815e-11
2.45276 0.0140201 8.21618e-19
2.45704 0.00694057 -7.69617e-14
2.45704 0.0127748 -1.46326e-11
2.45704 0.0140486 8.81546e-13
2.46131 0.00692177 4.53742e-20
2.46131 0.0127886 -6.56474e-13
2.46131 0.0140771 2.58387e-17
2.46558 0.00690301 1.86421e-11
2.46558 0.0128025 -7.06034e-12
2.46558 0.0141058 5.97987e-11
2.46986 0.00688425 1.03336e-18
2.46986 0.0128165 3.47736e-13
2.46986 0.0141345 -2.92093e-19
2.47413 0.00686553 -4.31165e-19
2.47413 0.0128307 5.62628e-13
2.47413 0.0141633 1.31504e-18
2.4784 0.00684684 1.65163e-20
2.4784 0.012845 -5.17252e-13
2.4784 0.0141921 7.86704e-19
2.48268 0.00682817 1.56639e-21
2.48268 0.0128595 -3.66338e-13
2.48268 0.0142211 8.32299e-19
2.48695 0.00680954 2.8846e-20
2.48695 0.012874 -5.33838e-12
2.48695 0.0142501 7.77186e-19
2.49122 0.00679093 1.71898e-20
2.49122 0.0128887 -1.37363e-12
2.49122 0.0142791 5.04096e-19
2.4955 0.00677237 7.0911e-19
2.4955 0.0129035 -8.18603e-12
2.4955 0.0143083 -1.20755e-19
2.49977 0.00675383 8.67821e-15
2.49977 0.0129184 -1.23513e-11
2.49977 0.0143375 -2.62482e-14
2.50404 0.00673533 4.31887e-14
2.50404 0.0129335 -8.79681e-12
2.50404 0.0143668 -1.33149e-13
2.50831 0.00671686 2.08665e-11
2.50831 0.0129487 -3.71503e-11
2.50831 0.0143961 2.10628e-10
2.51259 0.00669843 1.53925e-19
2.51259 0.012964 -1.96617e-12
2.51259 0.0144255 1.38337e-18
2.51686 0.00668005 -8.99959e-20
2.51686 0.0129794 -4.60439e-10
2.51686 0.0144549 -1.34004e-17
2.52113 0.0066617 4.33573e-21
2.52113 0.012995 5.98982e-13
2.52113 0.0144845 9.91109e-19
2.52541 0.00664339 -1.08974e-21
2.52541 0.0130107 -2.16728e-11
2.52541 0.0145141 8.43838e-19
2.52968 0.00662513 1.00994e-20
2.52968 0.0130265 1.91317e-12
2.52968 0.0145438 9.74891e-19
2.53395 0.0066069 -4.64015e-12
2.53395 0.0130425 -2.74853e-11
2.53395 0.0145735 -1.04044e-09
2.53823 0.00658873 6.14593e-13
2.53823 0.0130585 -7.61867e-13
2.53823 0.0146033 3.8061e-11
2.5425 0.00657059 2.21533e-20
2.5425 0.0130747 -6.46909e-11
2.5425 0.0146331 -6.32879e-19
2.54677 0.00655251 9.1077e-20
2.54677 0.013091 -1.49526e-11
2.54677 0.014663 -1.41656e-17
2.55105 0.00653447 2.1466e-11
2.55105 0.0131075 -6.4996e-10
2.55105 0.0146933 -2.0238e-09
2.55532 0.00651648 -2.09845e-11
2.55532 0.013124 2.36815e-09
2.55532 0.0147229 -2.49364e-09
2.55959 0.00649854 -8.15103e-11
2.55959 0.0131408 -6.75876e-10
2.55959 0.014753 2.39227e-10
2.56387 0.00648065 4.37048e-13
2.56387 0.0131576 3.85737e-10
2.56387 0.0147832 -9.12194e-13
2.56814 0.00646281 5.58735e-19
2.56814 0.0131745 -2.39667e-12
2.56814 0.0148133 6.38204e-16
2.57241 0.00644503 1.20221e-12
2.57241 0.0131916 1.69418e-11
2.57241 0.0148436 8.18617e-11
2.57668 0.00642729 -1.53813e-21
2.57668 0.0132088 -2.01923e-13
2.57668 0.0148739 -1.96212e-17
2.58096 0.00640961 -1.68697e-17
2.58096 0.0132261 4.01188e-12
2.58096 0.0149042 -1.92491e-16
2.58523 0.00639199 -2.03634e-12
2.58523 0.0132436 -9.658e-11
2.58523 0.0149346 -2.33703e-10
2.5895 0.00637442 2.60729e-19
2.5895 0.0132612 -5.04774e-14
2.5895 0.014965 6.94798e-19
2.59378 0.0063569 7.274e-18
2.59378 0.0132789 -1.63016e-12
2.59378 0.0149955 1.99226e-17
2.59805 0.00633945 4.64517e-20
2.59805 0.0132967 2.31611e-12
2.59805 0.0150261 1.12681e-18
2.60232 0.00632205 3.02972e-18
2.60232 0.0133147 1.18575e-12
2.60232 0.0150567 -8.22695e-18
2.6066 0.00630471 -1.02691e-16
2.6066 0.0133327 -1.40979e-10
2.6066 0.0150873 -6.90957e-16
2.61087 0.00628743 -2.55514e-15
2.61087 0.0133509 6.47438e-12
2.61087 0.015118 2.15593e-15
2.61514 0.00627021 -1.73883e-11
2.61514 0.0133693 -2.87901e-09
2.61514 0.0151487 -5.81464e-10
2.61942 0.00625305 5.9378e-10
2.61942 0.0133877 3.34235e-09
2.61942 0.0151795 -4.22033e-10
2.62369 0.00623596 1.87469e-18
2.62369 0.0134063 -4.53875e-11
2.62369 0.0152104 4.30198e-18
2.62796 0.00621892 9.88915e-18
2.62796 0.013425 -2.25715e-12
2.62796 0.0152413 -9.66212e-17
2.63223 0.00620195 3.37313e-18
2.63223 0.0134438 -9.36913e-11
2.63223 0.0152722 2.02227e-18
2.63651 0.00618504 1.69623e-12
2.63651 0.0134628 -8.06544e-13
2.63651 0.0153032 -3.56402e-12
2.64078 0.0061682 8.29847e-20
2.64078 0.0134818 -4.11617e-12
2.64078 0.0153342 1.15906e-18
2.64505 0.00615143 -3.25802e-10
2.64505 0.013501 -7.75548e-10
2.64505 0.0153652 2.28457e-10
2.64933 0.00613471 -4.21891e-13
2.64933 0.0135203 -4.78512e-12
2.64933 0.0153963 1.46419e-10
2.6536 0.00611806 6.68703e-18
2.6536 0.0135398 -4.2516e-11
2.6536 0.0154275 9.47904e-18
2.65787 0.00610148 -5.29586e-19
2.65787 0.0135594 -1.7531e-13
2.65787 0.0154587 -4.17552e-16
2.66215 0.00608497 -2.23404e-20
2.66215 0.0135791 -3.01188e-11
2.66215 0.0154899 1.69817e-18
2.66642 0.00606853 -1.60829e-13
2.66642 0.0135989 4.47256e-13
2.66642 0.0155212 1.8761e-13
2.67069 0.00605215 2.11442e-19
2.67069 0.0136188 -8.23253e-12
2.67069 0.0155525 -2.85638e-18
2.67497 0.00603585 1.89054e-20
2.67497 0.0136389 4.65039e-11
2.67497 0.0155839 -1.42531e-17
2.67924 0.00601961 5.95941e-12
2.67924 0.013659 -4.00391e-11
2.67924 0.0156153 -1.59907e-10
2.68351 0.00600345 2.01029e-13
2.68351 0.0136794 -1.21093e-11
2.68351 0.0156468 1.86185e-11
2.68779 0.00598735 -7.15377e-12
2.68779 0.0136998 8.12175e-11
2.68779 0.0156783 -7.5176e-11
2.69206 0.00597136 5.66751e-18
2.69206 0.0137203 -1.14507e-12
2.69206 0.0157098 5.21773e-18
2.69633 0.00595538 1.62182e-20
2.69633 0.013741 -9.75289e-13
2.69633 0.0157414 5.11393e-16
2.7006 0.00593951 -1.80765e-18
2.7006 0.0137618 -2.17987e-12
2.7006 0.015773 2.85968e-17
2.70488 0.0059237 -7.33047e-11
2.70488 0.0137827 3.18707e-10
2.70488 0.0158046 -6.37919e-10
2.70915 0.00590803 6.46167e-18
2.70915 0.0138038 5.86529e-11
2.70915 0.0158362 -5.62914e-18
2.71342 0.00589232 -4.28827e-19
2.71342 0.0138249 1.19665e-10
2.71342 0.015868 8.09174e-19
2.7177 0.00587674 -1.4716e-20
2.7177 0.0138462 2.92643e-12
2.7177 0.0158998 1.35799e-19
2.72197 0.00586123 -1.25773e-19
2.72197 0.0138676 -7.15377e-13
2.72197 0.0159316 -5.19857e-17
2.72624 0.0058458 7.8528e-17
2.72624 0.0138892 4.64952e-13
2.72624 0.0159634 -2.37858e-13
2.73052 0.00583045 4.60397e-20
2.73052 0.0139108 -3.78603e-11
2.73052 0.0159953 -8.82774e-18
2.73479 0.00581518 1.04184e-11
2.73479 0.0139326 -1.54114e-12
2.73479 0.0160272 8.96195e-11
2.73906 0.00579997 8.75791e-13
2.73906 0.0139545 -1.03725e-12
2.73906 0.0160592 -1.39022e-09
2.74334 0.00578485 -2.27576e-12
2.74334 0.0139765 8.24328e-12
2.74334 0.0160911 -1.39871e-12
2.74761 0.00576981 -1.24693e-10
2.74761 0.0139986 -2.73898e-12
2.74761 0.0161231 5.95837e-11
2.75188 0.00575484 2.94891e-21
2.75188 0.0140209 -1.3276e-12
2.75188 0.0161552 -6.95533e-17
2.75615 0.00573996 1.33682e-20
2.75615 0.0140433 -9.04466e-13
2.75615 0.0161873 -9.73538e-18
2.76043 0.00572515 1.46166e-19
2.76043 0.0140658 -7.9976e-13
2.76043 0.0162194 5.75874e-17
2.7647 0.00571042 -2.10695e-20
2.7647 0.0140884 -8.71946e-12
2.7647 0.0162515 -4.87744e-19
2.76897 0.00569578 -4.36922e-11
2.76897 0.0141111 -2.63591e-14
2.76897 0.0162837 -6.15949e-12
2.77325 0.00568121 -6.16314e-21
2.77325 0.014134 7.47861e-12
2.77325 0.0163159 1.64758e-18
2.77752 0.00566673 -1.26535e-17
2.77752 0.014157 -1.02322e-12
2.77752 0.0163482 1.95698e-18
2.78179 0.00565232 1.85317e-20
2.78179 0.0141801 -2.56327e-12
2.78179 0.0163805 3.00344e-19
2.78607 0.00563799 2.26663e-16
2.78607 0.0142033 -2.20144e-12
2.78607 0.0164128 -2.20835e-12
2.79034 0.00562375 -2.61599e-11
2.79034 0.0142266 -3.56786e-12
2.79034 0.0164451 1.39546e-10
2.79461 0.0056096 -7.47421e-13
2.79461 0.0142501 -3.83118e-12
2.79461 0.0164775 8.52915e-11
2.79889 0.00559552 -8.95037e-11
2.79889 0.0142736 -5.41512e-12
2.79889 0.0165099 -1.68208e-09
2.80316 0.00558153 -3.43479e-18
2.80316 0.0142973 -4.50217e-12
2.80316 0.0165423 -2.78641e-13
2.80743 0.00556762 -1.82328e-11
2.80743 0.0143211 5.04254e-09
2.80743 0.0165747 2.20427e-11
2.81171 0.0055538 1.77761e-13
2.81171 0.0143451 -1.88878e-11
2.81171 0.0166072 -3.63767e-10
2.81598 0.00554005 -1.30265e-10
2.81598 0.0143693 -2.36488e-08
2.81598 0.0166397 -6.99842e-11
2.82025 0.0055264 -1.10169e-14
2.82025 0.0143933 2.28e-11
2.82025 0.0166723 5.02589e-11
2.82452 0.00551283 -1.50238e-11
2.82452 0.0144176 7.57877e-10
2.82452 0.0167048 -7.8416e-11
2.8288 0.00549935 -1.96119e-20
2.8288 0.014442 9.81201e-13
2.8288 0.0167374 2.22001e-18
2.83307 0.00548595 8.08223e-10
2.83307 0.0144665 -5.16167e-09
2.83307 0.01677 9.0248e-10
2.83734 0.00547264 -4.93196e-13
2.83734 0.0144911 1.34755e-10
2.83734 0.0168027 6.09979e-11
2.84162 0.00545941 -6.17647e-13
2.84162 0.0145158 5.96298e-10
2.84162 0.016835 -2.21973e-09
2.84589 0.00544627 8.76779e-21
2.84589 0.0145407 2.24411e-12
2.84589 0.016868 3.46749e-18
2.85016 0.00543321 9.02554e-21
2.85016 0.0145657 -2.46494e-12
2.85016 0.0169007 1.21448e-18
2.85444 0.00542024 1.80613e-08
2.85444 0.0145908 5.80133e-11
2.85444 0.0169334 -7.37628e-09
2.85871 0.00540735 -3.38734e-11
2.85871 0.014616 2.35132e-12
2.85871 0.0169662 -1.48965e-09
2.86298 0.00539458 -3.65769e-11
2.86298 0.0146413 1.1709e-11
2.86298 0.016999 -4.3977e-13
2.86726 0.00538188 -3.50898e-11
2.86726 0.0146668 4.19627e-09
2.86726 0.0170316 -2.64908e-09
2.87153 0.00536926 1.71748e-09
2.87153 0.0146923 -1.51963e-10
2.87153 0.0170645 -3.88884e-10
2.8758 0.00535674 3.41232e-13
2.8758 0.014718 -1.62261e-12
2.8758 0.0170973 1.04523e-09
2.88008 0.0053443 4.05746e-21
2.88008 0.0147437 2.80278e-10
2.88008 0.0171302 2.64045e-18
2.88435 0.00533195 3.25735e-12
2.88435 0.0147696 5.89065e-11
2.88435 0.0171631 3.06405e-10
2.88862 0.0053197 -6.40671e-15
2.88862 0.0147956 1.55222e-12
2.88862 0.0171959 1.30023e-11
2.89289 0.00530753 1.56231e-13
2.89289 0.0148218 4.28652e-10
2.89289 0.0172284 6.55723e-09
2.89717 0.00529545 5.48771e-15
2.89717 0.014848 -5.71427e-12
2.89717 0.0172617 -3.25869e-11
2.90144 0.00528346 2.49282e-14
2.90144 0.0148743 -5.21303e-09
2.90144 0.0172946 3.07156e-10
2.90571 0.00527157 3.22477e-12
2.90571 0.0149008 -1.87369e-10
2.90571 0.0173272 2.01653e-08
2.90999 0.00525976 3.16128e-12
2.90999 0.0149273 -4.84957e-10
2.90999 0.0173604 5.27982e-10
2.91426 0.00524804 7.4273e-12
2.91426 0.014954 4.84346e-10
2.91426 0.0173934 3.39355e-09
2.91853 0.00523642 -2.77824e-12
2.91853 0.0149808 2.94422e-10
2.91853 0.0174263 -3.68053e-09
2.92281 0.00522489 -3.22595e-13
2.92281 0.0150077 -9.57376e-10
2.92281 0.0174594 6.99608e-09
2.92708 0.00521345 8.22589e-12
2.92708 0.0150347 -7.49198e-11
2.92708 0.0174904 2.31308e-08
2.93135 0.0052021 5.68269e-13
2.93135 0.0150618 5.30339e-10
2.93135 0.0175207 1.27609e-08
2.93563 0.00519084 1.36844e-12
2.93563 0.015089 -8.82753e-12
2.93563 0.0175583 -3.50264e-10
2.9399 0.00517968 1.69314e-11
2.9399 0.0151163 -4.58798e-11
2.9399 0.017591 -5.0668e-09
2.94417 0.00516874 4.62871e-10
2.94417 0.0151437 9.58885e-09
2.94417 0.0176243 -4.94135e-10
2.94844 0.00515763 -3.87369e-12
2.94844 0.0151713 2.52854e-10
2.94844 0.0176572 -2.58728e-10
2.95272 0.00514675 -2.56804e-10
2.95272 0.0151989 3.98865e-12
2.95272 0.0176902 -1.5218e-09
2.95699 0.00513596 -3.33283e-11
2.95699 0.0152267 -2.01849e-10
2.95699 0.0177232 -6.61435e-10
2.96126 0.00512526 -4.74071e-13
2.96126 0.0152545 -2.05445e-09
2.96126 0.0177562 -2.47987e-12
2.96554 0.00511466 1.749e-10
2.96554 0.0152825 4.82417e-10
2.96554 0.0177892 2.79428e-09
2.96981 0.00510415 4.22808e-21
2.96981 0.0153105 -6.70953e-11
2.96981 0.0178222 2.83412e-18
2.97408 0.00509373 7.28204e-15
2.97408 0.0153387 -8.52572e-11
2.97408 0.0178551 3.9699e-11
2.97836 0.00508341 7.96972e-10
2.97836 0.0153669 3.74108e-10
2.97836 0.0178881 -5.63722e-09
2.98263 0.00507318 -2.36506e-13
2.98263 0.0153953 2.27346e-10
2.98263 0.0179209 1.42526e-08
2.9869 0.00506307 6.44122e-11
2.9869 0.0154238 2.3329e-09
2.9869 0.017954 2.03055e-08
2.99118 0.00505302 -3.20216e-14
2.99118 0.0154523 -1.415e-11
2.99118 0.0179868 -3.95292e-12
2.99545 0.00504307 -4.42286e-14
2.99545 0.015481 1.01219e-12
2.99545 0.0180197 8.17836e-11
2.99972 0.00503323 -5.80168e-13
2.99972 0.0155097 1.3944e-09
2.99972 0.0180526 -6.77049e-11
3.004 0.00502348 -1.24092e-20
3.004 0.0155386 -2.90469e-11
3.004 0.0180855 9.0046e-19
3.00827 0.00501384 1.28877e-10
3.00827 0.0155675 2.8481e-11
3.00827 0.0181183 -5.77946e-11
3.01254 0.00500412 -2.27719e-09
3.01254 0.0155966 -8.37341e-11
3.01254 0.0181516 4.96548e-09
3.01681 0.00499485 3.23269e-07
3.01681 0.0156257 5.62255e-10
3.01681 0.0181839 -4.34967e-07
3.02109 0.00498544 -1.10971e-12
3.02109 0.0156549 -6.29635e-10
3.02109 0.0182168 -4.08303e-10
3.02536 0.00497617 -2.83805e-11
3.02536 0.0156842 1.33412e-09
3.02536 0.0182494 5.43228e-10
3.02963 0.004967 -5.55089e-11
3.02963 0.0157136 7.96713e-12
3.02963 0.0182821 2.97236e-10
3.03391 0.00495792 2.93142e-15
3.03391 0.0157431 -3.86057e-12
3.03391 0.0183147 2.80375e-11
3.03818 0.00494894 3.21155e-11
3.03818 0.0157727 2.05492e-09
3.03818 0.0183473 -5.72325e-11
3.04245 0.00494006 2.10972e-12
3.04245 0.0158024 -1.54703e-10
3.04673 0.00493127 1.86942e-10
3.04673 0.0158321 4.75623e-11
3.051 0.00492258 -1.81039e-12
3.051 0.015862 -6.94903e-11
3.05527 0.004914 5.98498e-12
3.05527 0.0158919 6.96435e-10
3.05955 0.0049055 2.84537e-11
3.05955 0.0159219 1.33751e-08
3.06382 0.00489711 2.12587e-11
3.06382 0.015952 1.69956e-10
3.06809 0.00488881 -5.10056e-12
3.06809 0.0159822 -3.36822e-12
3.07236 0.00488061 -2.76502e-12
3.07236 0.0160124 9.60226e-10
3.07664 0.00487251 -1.65461e-12
3.07664 0.0160427 -2.49627e-10
3.08091 0.00486452 4.11225e-11
3.08091 0.0160731 4.38069e-12
3.08518 0.00485666 1.61585e-10
3.08518 0.0161036 6.7513e-11
3.08946 0.00484887 -1.01541e-12
3.08946 0.0161341 -8.56858e-10
3.09373 0.0048411 3.18056e-14
3.09373 0.0161647 3.9677e-12
3.098 0.0048335 1.02882e-11
3.098 0.0161954 -7.94493e-11
3.10228 0.00482599 -3.66261e-17
3.10228 0.0162261 2.22406e-09
3.10655 0.00481861 5.94427e-11
3.10655 0.0162569 4.77443e-11
3.11082 0.00481127 -4.23419e-12
3.11082 0.0162877 1.95486e-10
3.1151 0.00480406 5.81425e-21
3.1151 0.0163186 -2.19624e-12
3.11937 0.00479695 -3.94826e-12
3.11937 0.0163495 -7.26482e-10
3.12364 0.00478994 7.35939e-13
3.12364 0.0163805 1.80628e-11
3.12792 0.00478304 2.08257e-10
3.12792 0.0164116 6.24018e-09
3.13219 0.00477623 1.78449e-17
3.13219 0.0164427 -1.27458e-12
3.13646 0.00476952 2.26025e-17
3.13646 0.0164738 -4.12312e-13
3.14073 0.00476291 8.39553e-16
3.14073 0.016505 -3.92203e-13
3.14501 0.0047564 -5.54338e-15
3.14501 0.0165361 1.41389e-10
3.14928 0.00474999 -1.34464e-13
3.14928 0.0165674 5.70273e-11
3.15355 0.00474368 -1.01106e-17
3.15355 0.0165986 2.62607e-10
3.15783 0.00473747 6.53137e-13
3.15783 0.0166299 7.10229e-10
3.1621 0.00473137 4.51162e-21
3.1621 0.0166612 4.69717e-10
3.16637 0.00472536 -1.2435e-10
3.16637 0.0166925 -7.26229e-13
3.17065 0.00471945 5.64698e-16
3.17065 0.0167238 -1.07722e-10
3.17492 0.00471365 -4.16708e-20
3.17492 0.0167551 -4.26072e-11
3.17919 0.00470798 -1.23723e-18
3.17919 0.0167864 -4.35355e-12
3.18347 0.00470235 -4.58715e-12
3.18347 0.0168177 -1.54126e-09
3.18774 0.00469684 7.46129e-23
3.18774 0.016849 -3.01191e-12
3.19201 0.00469149 -2.06219e-19
3.19201 0.0168802 -2.60913e-10
3.19629 0.00468615 -1.1923e-20
3.19629 0.0169115 -1.90002e-10
3.20056 0.00468112 -8.82485e-19
3.20056 0.0169426 2.00769e-13
3.20483 0.00467687 -1.89929e-09
3.20483 0.0169738 3.41391e-11
3.2091 0.00467086 4.69927e-21
3.2091 0.0170049 -1.84215e-12
3.21338 0.00466597 4.25829e-21
3.21338 0.0170359 5.67702e-10
3.21765 0.00466118 -8.19965e-21
3.21765 0.0170669 -8.85775e-11
3.22192 0.00465649 -4.64705e-21
3.22192 0.0170978 2.22145e-09
3.2262 0.00465194 -2.56444e-12
3.2262 0.0171286 -1.98822e-10
3.23047 0.00464743 6.04308e-13
3.23047 0.0171593 1.36407e-09
3.23474 0.00464304 3.5308e-21
3.23474 0.0171898 3.87608e-10
3.23902 0.00463904 -5.40607e-10
3.23902 0.0172203 -1.05994e-11
3.24329 0.00463459 -7.77367e-15
3.24329 0.0172506 -8.3972e-11
3.24756 0.00463051 -2.26568e-22
3.24756 0.0172807 -2.75463e-08
3.25184 0.00462654 1.82072e-20
3.25184 0.0173108 3.54628e-09
3.25611 0.00462267 -3.10337e-21
3.25611 0.0173406 4.1643e-10
3.26038 0.00461891 1.17635e-20
3.26038 0.0173702 -7.0527e-09
3.26465 0.00461524 7.10064e-21
3.26465 0.0173996 -8.62592e-10
3.26893 0.0046117 3.98264e-12
3.26893 0.0174288 -1.66859e-12
3.2732 0.00460822 -3.52135e-20
3.2732 0.0174577 -5.25255e-12
3.27747 0.00460488 9.4511e-11
3.27747 0.0174863 -8.93465e-10
3.28175 0.00460173 7.94582e-19
3.28175 0.0175147 8.12605e-13
3.28602 0.0045986 -8.32948e-20
3.28602 0.0175427 4.0029e-10
3.29029 0.00459546 2.13283e-12
3.29029 0.0175704 -5.3111e-12
3.29457 0.00459247 1.79497e-20
3.29457 0.0175977 -1.28769e-10
3.29884 0.00458962 1.97722e-15
3.29884 0.0176246 -5.20543e-10
3.30311 0.00458757 -3.95652e-08
3.30311 0.017651 1.54991e-11
3.30739 0.00458492 3.68629e-08
3.30739 0.017677 3.02096e-11
3.31166 0.00458241 -4.4691e-12
3.31166 0.0177025 2.52675e-11
3.31593 0.00457928 -1.5577e-08
3.31593 0.0177275 1.836e-09
3.32021 0.00457695 2.23539e-18
3.32021 0.0177519 -1.12979e-10
3.32448 0.00457473 -3.37903e-15
3.32448 0.0177756 -2.36875e-10
3.32875 0.0045726 2.57021e-12
3.32875 0.0177988 1.12187e-10
3.33302 0.00457059 6.29059e-14
3.33302 0.0178212 1.20067e-10
3.3373 0.00456867 -3.91791e-12
3.3373 0.0178429 -1.00529e-10
3.34157 0.00456687 2.0972e-19
3.34157 0.0178638 -2.77496e-09
3.34584 0.00456516 2.42343e-11
3.34584 0.0178839 -6.52692e-11
3.35012 0.00456355 2.88076e-12
3.35012 0.0179032 -5.60261e-10
3.35439 0.00456205 -6.33932e-16
3.35439 0.0179214 -4.82571e-10
3.35866 0.00456065 2.38872e-13
3.35866 0.0179387 -1.59828e-10
3.36294 0.00455936 1.12561e-14
3.36294 0.017955 -4.88849e-12
3.36721 0.00455817 -1.86762e-17
3.36721 0.0179702 1.54859e-11
3.37148 0.0045572 5.47661e-11
3.37148 0.0179843 -1.95826e-10
3.37576 0.0045561 1.79452e-13
3.37576 0.0179972 -7.6875e-11
3.38003 0.00455522 -4.35045e-13
3.38003 0.0180089 -3.88181e-10
3.3843 0.00455444 -5.05518e-13
3.3843 0.0180193 2.40018e-11
3.38857 0.00455377 2.22266e-16
3.38857 0.0180285 3.5283e-11
3.39285 0.0045532 5.21696e-12
3.39285 0.0180363 1.07838e-12
3.39712 0.00455273 -1.0419e-13
3.39712 0.0180427 -3.98946e-10
3.40139 0.00455237 5.10834e-11
3.40139 0.0180477 7.66509e-11
3.40567 0.00455208 -9.33523e-19
3.40567 0.0180513 -1.70421e-11
3.40994 0.00455196 -1.6158e-14
3.40994 0.0180535 8.74331e-12
3.41421 0.0045519 -1.10332e-19
3.41421 0.0180542 2.36891e-14
